1000
4427.32 1330.61 5440.53 8567.77 26432
7672.66 3261.51 2547.07 4849.7 24638
5963.01 8559.53 3340.56 5829.95 30232
4980.93 9187.29 4256.11 2153.39 18510
5094.45 4599.75 5467.7 2049.62 25329
3158.67 1399.58 1611.07 5424.97 25823
4660.48 6818.45 5426.19 4235.05 30407
1467.64 5096.9 2023.68 2540.36 25808
3094.88 7083.04 8377.33 2801.6 17570
5941.04 8040.41 6259.04 9179.97 30480
5995.97 5908.99 3786.13 7495.35 28753
1601 6036.87 5433.21 7878.35 24264
1739.25 5818.66 3682.97 5793.94 30525
5646.84 8780.18 5361.8 225.532 29969
8339.79 8461.26 3775.75 5398.11 29552
3696.71 4789.27 7324.75 2956.33 30517
6796.78 6864.83 623.493 3529.16 29680
6096.99 5975.52 4890.59 3032.93 23974
1511.28 4947.36 4995.27 3662.83 21599
2781.76 6116.82 1856.75 6029.54 27685
477.309 6728.11 4791.1 328.684 29569
5320.9 6567.28 4491.1 6604.21 16343
3316.14 1455.73 697.348 7883.54 29204
451.674 6492.2 6420.18 2738.12 31885
4523.15 5181.74 7542.95 8087.71 21792
3234.35 6015.81 4858.85 4517.04 28618
1977.6 7055.88 6353.04 6913.36 28642
5643.79 3923.15 3656.42 1791.13 23702
4788.66 8288.52 3794.37 5778.98 31985
6596.27 3899.04 4654.99 2728.97 24502
1665.4 5807.37 6281.01 4711.45 30199
5403.91 9276.71 1145.66 6320.99 31820
6630.15 3990.6 4358.96 2011.17 30994
4638.51 231.635 4284.8 2943.21 31352
8857.69 7186.8 5449.08 5770.13 32465
12.5126 7349.77 4399.85 4615.01 30227
1938.54 2292.25 4296.7 96.1333 30235
3683.58 4456.92 3509.32 6624.96 27164
6123.54 5860.16 5834.83 1926.63 32425
3530.69 5825.07 2627.03 6747.34 29706
4107.49 1659.9 7055.88 3774.83 28513
3148.29 5725.27 5501.57 8901.03 32021
5097.51 9601.12 5853.76 3465.38 31267
5992.92 4624.47 4488.97 5933.1 27988
4734.64 4585.1 3288.67 6763.82 31232
4154.79 3958.86 6703.39 3597.83 25370
3637.81 4819.79 5439.62 5687.43 32140
5503.1 8739.89 5616.93 2892.85 30572
5388.96 6437.57 2545.85 5770.13 27907
5680.1 5667.9 4462.11 6450.39 21104
6102.18 9183.63 4390.39 5782.65 14643
7281.41 7668.39 5338.91 6315.5 16288
7392.19 3335.37 5514.08 8731.35 17956
4015.93 6380.5 2257.45 6979.58 22812
5242.77 8498.79 2344.43 5880.92 23956
8386.49 3283.79 6495.25 4452.65 29149
6002.99 9752.19 4883.88 3665.58 32252
940.886 4703.82 5231.79 3505.97 26826
5110.02 5309.61 2391.74 5148.17 28613
5110.93 5674.92 2791.83 6650.59 31258
8420.06 3110.14 4281.44 3161.41 32699
6424.15 4657.43 4466.38 8598.59 30386
4935.15 1564.07 3524.28 5807.98 27347
2640.46 6943.88 4748.99 1486.86 29210
3391.83 2959.38 2481.46 4178.29 27820
6507.77 5914.18 4817.04 9256.87 32605
6502.27 5426.8 5828.42 3462.63 26033
3304.54 4767.91 2690.82 5825.98 30080
5904.42 4204.23 4897.92 5992.31 27246
6782.43 5737.78 2237.62 4821.62 30375
1744.74 4871.67 3133.95 6155.89 21138
7184.06 3034.15 4144.72 4806.05 19389
7782.83 9035.31 5083.77 8159.73 27355
5193.03 1372.72 5556.2 713.218 31130
4416.94 5606.25 3470.87 6139.1 8728
4557.94 4312.27 4217.96 5543.69 25520
6098.21 1922.06 5398.72 7861.87 31404
4895.17 6504.1 3558.15 3194.98 24791
6987.82 2311.47 4475.23 6641.13 32728
6873.99 3142.49 6661.58 2602.92 32334
4052.55 4825.89 3724.48 4755.09 30602
5657.22 5771.05 6406.14 1780.76 26833
6270.94 3659.47 5251.01 2618.79 29001
4228.03 1089.82 3391.83 3891.42 22839
4372.69 3731.8 4200.57 6369.21 21293
5591.91 1590.93 6751.3 3296.91 26492
8900.42 2866.91 3188.57 1587.27 17069
3616.75 7375.41 5642.87 426.954 25102
6121.1 1960.2 6781.21 3773.92 26269
2175.66 5129.55 3176.67 7171.54 30112
1763.05 4464.55 6216.93 3904.54 31011
5259.56 2810.75 1151.46 4742.88 27322
1624.5 7852.11 3943.91 6632.89 15757
7759.33 3162.02 7333.6 7131.26 17844
6452.22 4834.13 4931.49 8886.68 30653
3477.28 2014.53 2172.31 5166.48 27697
5148.47 5939.21 7301.86 2921.84 30144
6641.13 6228.83 2173.22 5952.94 24784
3455.61 5409.71 1988.28 5743.89 21486
2462.54 4358.35 5255.59 6536.45 15077
3761.71 2258.37 6574.91 6289.56 25879
5454.88 3516.95 2781.76 5724.36 21032
6108.89 7472.76 2738.12 6658.53 24192
7008.58 8088.02 3474.23 4130.99 28317
4911.95 3530.08 1163.98 4587.24 32663
5872.98 9276.71 5513.17 9349.96 31236
7116 7468.18 3071.99 1586.35 29950
2161.02 4798.43 3781.24 1063.88 22194
6711.63 1579.64 6694.54 3885.92 15149
3557.24 6548.66 4211.25 2246.47 23831
7947.94 2232.12 8919.34 2869.35 19950
7421.19 5382.85 3897.21 7223.73 24337
1578.72 4617.45 4521.01 5013.28 20139
4745.93 3815.12 7717.22 2403.03 16393
4623.55 9277.93 2941.07 6196.48 23990
6240.73 6545.61 2735.37 3159.89 29432
5819.27 6006.96 4329.36 4730.06 20789
6533.71 1496.32 6724.14 668.355 16471
4697.41 7222.21 4850 7526.47 14143
6884.67 9122.9 4688.86 8604.69 25056
1892.76 5227.21 5361.19 2511.67 31163
4842.07 9840.39 6935.33 9163.49 24901
4953.46 5837.58 6545.61 2733.24 29671
6578.88 5683.77 5211.04 5005.04 28813
3274.64 4594.26 4412.06 5829.34 24119
4845.12 5219.89 3779.41 2229.68 32626
6568.5 7224.34 5559.25 5560.47 25562
3887.75 1239.66 6746.12 8843.65 25528
5856.2 6753.44 2125.92 3410.75 24769
5938.9 7356.18 4536.58 8207.65 26336
3079.32 3894.16 6770.23 3777.58 19860
7389.75 2054.81 6100.34 8096.56 32575
1082.19 5775.02 1634.88 3142.8 31622
4296.7 4538.1 3959.78 3825.19 29918
7693.72 4639.73 4198.43 2217.47 30860
1705.07 5498.83 5458.24 9367.05 25751
5862.61 5906.25 3117.77 7184.97 31751
5160.37 1415.75 2198.25 5652.94 31257
6601.76 9117.1 2678.91 4483.47 29992
5180.52 5957.21 3382.98 1833.86 30511
4314.1 5559.86 2770.47 6472.67 32200
1911.07 2295.3 2874.23 3555.41 21041
7925.66 4811.55 2468.34 6891.08 30888
4928.43 786.767 5882.44 5742.67 20459
2784.2 4147.47 4691 8629.72 21959
3569.44 7464.83 4036.68 3743.1 28752
6494.03 5972.47 7603.69 7975.4 31694
5903.5 9116.49 3555.41 5461.9 21967
1756.65 6429.03 4129.15 4818.87 31324
5527.21 3902.1 4439.22 8454.24 21939
6773.89 1719.11 3544.72 1788.69 32034
2256.84 6013.98 1127.05 4540.85 30557
5525.07 6484.57 3207.19 4876.25 24377
8821.38 2531.51 4564.65 394.91 25728
8577.23 5779.6 8416.09 4626.3 26498
6631.98 1408.12 3738.82 2270.27 28171
4393.75 3776.36 1917.48 5147.25 26028
2548.6 4405.96 3652.46 2352.37 30325
4403.52 1915.95 4511.55 6769.01 27960
5789.36 8717 4931.18 6955.47 22623
4300.06 5652.33 6658.22 9364.3 20766
5336.16 3486.74 5140.23 3521.23 27484
5352.34 3126.01 5942.26 600.909 25388
4998.93 8832.06 3599.66 7171.54 25582
7268.59 5446.64 3601.79 7273.78 26960
6078.07 4714.19 6523.64 2898.04 27843
3982.06 501.724 2247.69 6702.17 27652
5413.07 8408.46 1978.51 7012.85 30917
4235.97 2396.01 3686.33 5759.45 22738
4690.69 7322 3743.1 4968.11 14843
7999.21 4726.4 6182.13 3773.31 31177
3364.97 4546.65 3868.53 4562.82 31846
3314.31 6256.6 5394.15 6037.48 29808
1430.1 4808.5 9996.64 4592.43 22740
5276.04 4795.07 4461.81 5921.51 32010
5391.71 1650.14 8503.37 1345.26 22125
4384.9 8116.4 4049.2 4023.56 27254
3525.5 6993.01 6883.75 2049.32 32389
5047.76 5609 5750.6 3515.73 31623
6852.02 2768.94 2968.54 6519.06 14458
6776.33 6862.39 6833.09 3261.21 29091
2148.5 2529.37 6449.17 3658.56 25091
7633.29 4802.7 3374.74 6863.61 17818
2120.73 3596.3 4525.89 2909.63 24634
2260.2 5147.86 6764.12 7108.98 24254
2465.59 5182.04 4635.46 4791.1 32135
5475.33 2818.99 5110.93 8054.75 20976
6322.21 4500.26 8886.99 5813.17 30231
2449.42 4956.21 8161.87 4587.54 24676
2072.21 2551.04 5330.67 199.286 11165
3306.38 1427.05 2815.94 4848.78 15721
5922.73 9142.74 5781.43 9209.88 23481
6724.45 1613.51 4008.61 1802.42 32711
6259.65 3469.34 3241.07 6144.6 21358
4683.07 5256.81 5221.11 2631.61 21023
5558.64 4559.47 8367.26 4508.5 27546
3934.45 6766.56 4650.41 7224.95 31859
9186.07 2287.97 5414.59 4474.01 32003
3951.23 5959.35 5161.9 3958.56 23264
4781.64 3625.6 1924.19 3684.8 32738
6443.07 7423.02 4436.78 8686.18 31498
3698.84 4219.18 3641.77 6442.46 25492
1410.57 7123.63 5484.79 8214.67 28342
4800.87 8998.38 2172.61 5870.24 28010
2636.49 7594.84 3836.18 2228.16 30514
1332.74 6196.78 5858.33 1979.74 31779
6083.25 3286.23 3691.52 1798.15 27566
4356.21 4554.28 4743.8 4729.76 30775
2347.18 6391.19 5473.49 2803.13 24346
6528.82 6166.57 8688.92 7024.75 28442
5135.65 4255.81 4392.22 4904.02 17583
5669.73 5701.77 4615.31 4434.34 31230
1546.68 5356.91 3208.41 2721.34 23731
4128.54 4969.63 5041.05 6979.28 32433
6745.2 6618.55 6624.04 2568.13 24044
6597.19 2051.15 5527.21 9758.6 18225
4565.57 4228.34 3787.96 6471.45 27245
7527.7 7303.08 3535.57 5754.26 28083
8416.7 3225.2 2350.23 7519.15 32070
5785.09 3998.54 5641.65 8068.48 16717
3600.57 6635.33 7213.05 6722.31 28187
5135.04 4421.83 6018.25 5801.87 29166
5251.93 4277.17 8095.65 2857.45 26923
6554.16 2357.25 6758.02 6576.13 25248
4538.1 4602.5 7069 2583.7 31516
2916.04 6542.25 6232.8 6524.55 30646
7029.94 9139.07 6601.15 2039.55 31669
1981.57 6906.64 6580.1 8800.93 31652
4044.62 6910.92 3939.63 1745.66 30543
7166.05 6446.12 5031.59 190.13 20964
6261.79 1595.2 7265.24 5471.97 31181
4660.48 5384.69 2227.24 6737.88 22409
4648.88 8894.01 6749.47 6602.37 20358
3058.57 4263.44 5227.82 3261.82 24210
1444.14 4808.19 4221.32 1193.27 27736
6294.44 5044.71 3677.18 3750.42 28701
1206.4 5518.36 6527.6 2676.17 28409
5577.56 2397.23 4921.11 3394.88 32282
6281.32 3714.1 5179.3 6518.45 30206
3813.59 5667.59 3633.23 4304.64 26649
3446.15 6704.92 4457.84 8803.06 24194
6887.42 2743.31 7755.06 3179.11 19450
2852.26 5343.18 3497.42 5254.37 23009
6581.32 2058.47 3371.68 4376.05 22922
8136.23 7287.51 4946.44 2054.51 30143
6445.81 2833.34 8658.41 4535.97 22611
5442.67 4622.03 4503.92 718.406 16819
5314.19 4760.28 9054.54 4502.09 31105
7220.07 4017.15 5208.9 7719.66 14498
7058.63 7352.52 3779.11 4893.34 27557
891.446 5796.69 4778.28 4412.98 25423
5132.3 4389.48 7842.65 5327.31 32071
5200.05 6410.11 3822.14 5134.13 18113
5164.04 7596.36 4254.59 180.975 20947
5600.45 9189.12 8358.1 8463.39 26412
4047.36 2558.98 5779.29 2620.32 30427
3141.58 1624.2 6696.37 4055.6 22429
6639.3 4091.31 3500.78 1767.63 23280
5722.53 1817.99 6729.94 8839.08 25095
7506.94 2735.68 5393.84 2906.58 24056
5672.17 4379.41 3210.24 2713.1 28361
3669.55 2320.63 6032.59 1970.27 31883
4016.24 4305.86 4830.47 9832.76 25649
3113.19 5486.62 6385.08 3338.72 24294
8831.14 2853.18 6208.08 6651.2 27796
6456.19 9037.75 3470.87 3436.38 30615
6863.92 5213.48 3903.32 6788.23 18862
5240.64 4514.6 5726.8 8068.79 29046
5412.76 4601.58 4427.32 2768.64 30491
4342.78 4512.47 4425.49 4079.1 32647
3035.07 6237.37 7256.69 2335.89 25040
2459.79 3525.19 6778.16 401.624 20300
4685.2 1725.21 4953.46 5343.18 31424
7129.73 7075.41 7550.89 1510.06 31143
8338.27 5417.34 8354.75 1407.82 27803
4766.69 1702.02 6536.15 9521.16 32366
3690.3 6579.18 4268.62 2303.84 30720
6249.28 9135.11 7688.53 8437.15 25684
5284.28 4671.77 6530.05 5417.95 22244
3658.56 2852.87 7044.28 3789.18 21849
5341.04 5826.59 3318.58 1609.85 21616
8802.45 4508.5 5446.64 4589.37 25906
6022.22 8789.94 6902.37 5952.02 18832
8409.99 4636.98 4867.09 6931.36 29537
3371.99 5277.26 1650.44 4617.45 30780
1158.18 4942.17 5342.88 205.695 27698
5445.42 8236.95 7286.29 3000.27 22532
4700.16 3365.28 1836.3 3703.73 30224
5561.39 9117.1 4777.37 3692.74 31535
8594.01 2876.67 8309.88 3507.49 30788
5359.36 3574.94 2382.27 5337.69 13482
5327.62 8699.61 5596.79 3899.35 22632
3603.02 6746.12 4520.71 7882.32 25740
2484.51 4923.25 6282.54 6448.26 24296
2624.9 6923.43 5659.96 9258.4 32545
6347.54 553.911 3088.78 3863.64 32354
4470.66 3544.72 7083.35 7833.49 18162
5413.37 3838.31 8592.79 5877.25 31044
5542.47 3889.58 8341.62 3259.07 27613
5023.04 4355.3 6779.08 3769.34 27682
3286.23 4775.54 3663.44 2358.47 29237
1146.89 6330.15 5212.56 4210.03 27724
1536 3786.74 4948.88 4745.63 30889
4660.79 3588.37 4270.46 6838.28 30381
3280.74 4735.86 4405.35 1900.39 29754
6151.92 4281.14 6066.77 6715.29 26785
3997.92 2676.47 3452.56 6718.65 23092
6799.83 1704.15 4714.19 5965.76 19702
5706.96 8448.74 7531.97 8020.87 30633
4235.97 2902.92 6342.66 3164.16 32398
5541.86 5773.19 6158.02 2073.43 23574
2636.19 6063.42 7329.94 7144.69 23222
8363.29 4406.26 5242.16 6049.07 26393
4977.87 4185.92 6928.62 3220.92 29239
4318.67 5586.11 6464.13 7400.13 19808
2305.98 4850 6837.37 3243.51 27016
3287.15 3003.02 6282.54 6618.85 25289
5778.68 5422.53 6917.02 3318.89 32659
6906.03 6711.63 5018.46 164.8 32149
2675.56 6313.36 3571.58 3155.61 25248
3640.25 4222.24 6251.11 4460.28 16663
3767.2 6492.51 4453.57 5906.25 30486
5745.72 2796.72 4398.02 2770.78 28837
6042.66 5178.69 4401.68 5409.41 18504
5159.15 1278.42 8645.89 6373.49 25176
4699.24 2646.57 5775.63 7679.37 21270
5497.6 8945.59 5731.99 6456.8 28183
5849.18 5731.07 3259.07 6004.52 20403
4545.12 4316.84 946.684 5210.12 29487
8229.93 7190.16 3426.92 5825.98 29187
5902.28 4214.3 7589.95 1544.85 17631
4846.95 3062.84 8874.17 4568.01 31404
6526.69 9319.13 3704.34 1826.53 32535
7063.2 3797.42 5543.38 9883.11 22470
5033.42 3480.94 4514.91 2474.75 32241
4666.28 888.394 1476.18 4737.08 21355
5134.13 7183.75 1194.19 4674.21 15484
5319.38 9654.53 6118.05 8648.34 30519
5264.44 9737.24 3992.43 2029.79 29611
3363.75 2970.98 2568.44 3845.94 28907
2281.56 5330.97 2274.24 6993.93 31839
5257.42 6900.54 5849.48 2089.3 16204
2410.66 6082.95 5515.92 4028.75 28104
6356.09 6772.06 3535.26 1726.74 30026
3078.71 7676.32 6337.17 587.176 30667
7157.51 8918.73 4463.33 8776.82 25218
893.582 6430.25 3520.62 3567.61 23664
3413.5 3892.64 3460.8 4586.32 26799
1563.77 5110.32 6563.01 3735.16 30161
4089.18 1678.21 2257.76 6957.61 29838
4262.83 7999.82 2488.48 4514.3 30092
6317.64 4480.73 1212.81 5530.87 31123
4278.7 3103.73 3460.8 7531.66 26126
5636.46 8082.22 3396.1 2036.5 31998
1459.4 4904.02 3205.05 7334.51 26345
2869.96 7202.67 5827.81 8593.71 28964
4182.26 6251.11 4774.01 8333.38 17446
2507.1 5980.71 1409.65 6143.68 26777
6523.03 4351.94 5625.48 3747.98 32357
4965.06 7072.97 4347.06 3855.71 32654
3945.43 1209.75 1444.14 5806.45 29763
3779.72 5857.72 3418.99 7021.39 30613
3819.09 1235.39 5446.64 2511.06 32743
6251.72 6762.9 5340.43 8545.79 30476
6233.1 6033.51 3485.82 5427.11 23381
4818.57 2720.42 5109.71 8460.34 17835
6380.81 6784.26 6685.08 2375.87 26042
4194.16 1922.36 1331.52 5863.52 24133
3551.44 6267.28 4817.65 4539.02 25770
3448.59 5374.61 6811.73 3467.82 25427
8679.77 6677.76 4853.36 4671.16 15136
5954.47 7008.88 5704.21 1655.02 32291
6742.15 6683.25 9257.48 2206.79 8986
4687.95 5373.39 2922.15 5048.68 28128
5526.29 5680.1 5162.51 8969.39 31233
6615.5 5764.64 5102.39 2821.13 30151
6009.09 8232.37 4406.26 8831.14 23850
4517.96 4284.8 4718.77 7859.43 30044
3245.34 5141.15 1812.8 5243.69 26370
1250.34 7875.91 5423.14 2790.31 28899
4849.39 2726.52 937.834 5008.39 29443
6237.68 6038.39 4412.98 6834.32 30513
5634.33 8746.6 4810.33 1429.18 29843
2062.75 2553.79 5472.27 4102.3 30710
1668.14 6147.04 5992.92 8050.17 25470
6165.96 5871.46 5416.43 4249.4 32733
5818.66 4247.26 4212.78 8303.48 32265
4907.68 4659.87 7358.93 3447.98 24445
3217.87 7271.65 4723.65 7273.48 28407
6654.87 6723.53 2930.08 5417.65 28157
2927.64 4675.13 2916.65 6465.96 32181
3344.52 3574.02 4605.55 4744.71 14569
6292.61 3317.97 3369.55 3187.35 28680
2573.02 5089.57 6376.23 3719.29 32610
8584.25 5768 4335.76 6473.59 22744
5275.12 5401.47 4063.23 3157.44 29592
4944.91 8457.59 3895.38 1073.95 32109
5094.15 9713.13 6537.37 4368.72 32509
5160.99 3523.67 6485.49 5145.42 21129
2508.62 5179.6 4454.79 327.769 32531
6311.23 6387.83 3965.58 4444.11 27737
6552.63 4128.24 4698.93 7325.97 28605
6599.93 3731.19 4589.98 2749.41 28113
5446.94 5786.92 8619.04 2117.68 32724
4430.07 3515.12 4864.04 9707.63 30801
5316.63 5298.32 4753.87 3610.95 13413
8670.92 5908.08 2697.53 5100.56 31939
4932.71 7394.63 7401.04 3559.68 21249
5703.3 4285.71 8388.93 2792.44 18510
6113.16 6364.64 4220.4 3118.99 29939
6541.64 8902.25 6043.28 1633.05 32034
8099.92 5894.96 3283.79 5586.72 32423
6047.85 1872.62 5422.22 5348.37 25895
8326.67 2992.34 3447.07 1358.38 22619
4615.62 4407.79 5273.9 1905.27 30975
5327.62 8554.64 3635.98 5466.48 31666
2263.25 5677.97 4837.49 5043.49 28484
3600.57 3885.62 7270.12 5447.55 25472
3246.25 6157.11 2903.84 2977.69 21475
4412.06 5111.85 3194.68 7105.32 32039
1054.72 5719.47 3624.99 2468.03 27817
7183.45 2627.95 6021 8904.08 30623
4305.86 3128.15 7330.85 6302.68 29107
4222.54 6857.2 3100.99 5945.62 18437
3773.61 1817.07 6979.58 9235.21 24181
3813.9 1005.58 3383.59 7413.25 25458
6570.94 3950.32 5275.73 1451.16 19147
7475.51 2764.98 3946.96 5982.85 25990
6014.28 1932.74 3698.54 5144.51 31638
3358.26 4676.96 3197.42 7271.03 32601
4121.52 4254.28 4006.16 5799.74 25475
5166.17 4416.33 6791.89 3148.9 23068
4088.26 4063.54 7536.24 5082.55 29728
4977.57 4991.91 6265.14 7436.75 23357
4766.69 5399.64 5301.98 5792.41 6320
3025.91 6146.73 5826.9 2898.34 28293
1927.55 2533.04 3017.37 5399.03 31257
7655.57 2330.7 6537.68 4527.73 25571
4828.33 3761.71 5023.96 852.382 26576
4589.37 4401.07 1516.77 6605.43 28728
3446.15 4801.48 6910 3131.2 28244
2720.11 6291.39 7473.07 7437.36 14528
3431.81 6251.72 2852.57 5871.15 30620
6458.33 9396.04 4435.56 5017.55 30760
4741.36 7384.87 5758.54 8771.63 30123
1850.64 2400.28 4257.03 4903.1 29876
4540.24 4570.15 7727.29 2477.49 28449
5024.87 8654.74 2559.28 5619.98 31615
3216.04 6944.79 3634.75 5948.97 28907
2997.22 6238.9 4843.29 5034.64 27761
2669.76 5850.7 4734.95 335.704 30050
5459.15 9860.84 4456.62 9255.65 26663
4604.63 7761.16 3002.72 7104.71 27650
4743.49 7397.08 4023.56 3992.43 28561
8601.95 2864.16 2019.71 5243.39 29317
6481.83 3275.25 6143.99 4268.62 17248
5282.45 2746.67 5927.3 2865.08 26277
1750.24 4768.21 3933.23 6601.46 28347
2526.63 4522.23 2366.71 6378.06 31441
4537.8 2934.05 6695.46 5999.33 29541
991.546 5060.88 6744.59 8883.33 30512
2780.24 5711.23 3487.96 7338.18 28111
4704.73 1467.64 7892.39 5309 24560
4857.94 5101.17 6774.8 3133.34 29992
3340.86 6264.53 4283.27 107.73 23735
1953.18 2410.66 5622.73 4571.37 32617
3274.33 6911.53 5858.03 5258.95 19297
6353.34 4008 2004.15 5207.37 28846
5503.1 3858.15 4939.73 5789.06 27381
6220.59 1569.26 6917.63 5416.12 16757
4719.38 6848.35 5972.47 1925.11 31176
4549.09 9070.1 3189.49 1588.18 25256
6581.62 9211.4 4429.15 1734.37 29824
2842.8 6572.77 6418.35 6017.33 26504
6164.74 3598.13 7405.93 7751.7 20086
6100.96 5240.64 5181.43 149.236 17251
6374.1 5440.23 5270.24 1583.61 31344
4810.94 5171.06 6507.16 4932.1 27229
5365.76 4775.23 4692.53 1962.95 31803
5358.75 5173.5 4530.17 7863.4 17141
4266.79 2295.6 3448.59 4776.15 32526
5527.51 9882.2 6608.48 2465.29 18257
1207.01 5098.73 2949 6208.08 15874
1844.23 2280.65 4575.03 5450.91 28961
9439.37 4840.24 4388.26 2959.07 23588
5300.45 7380.29 3262.73 6255.07 30604
4686.42 7725.15 6251.11 6629.84 19592
3977.78 5993.53 5673.7 7708.67 28206
1568.04 4136.78 8410.9 3276.16 31897
3838.92 5331.28 3036.59 3073.82 30792
6261.79 3687.25 4762.41 1517.08 20346
3291.73 4789.88 1520.74 6106.14 25101
5783.26 8499.1 4218.27 4421.22 32273
8378.55 8929.11 4666.89 8697.16 25026
3173.62 5742.06 5475.94 7994.32 26756
3702.2 3136.69 6882.53 6406.75 32189
8260.14 6344.19 7961.36 2039.55 27530
2517.47 6434.22 5251.32 4046.75 19900
9440.9 4812.77 7318.64 2288.28 32290
4510.33 712.912 6604.82 2533.65 24974
3820.92 1601 4461.5 6452.53 20441
5428.94 5371.87 8806.73 7124.24 19884
4757.23 2822.35 3126.62 5211.65 17914
4402.6 4913.17 3803.83 2245.55 24357
5132.6 5316.02 6354.26 3704.64 31357
7046.11 6028.02 3577.07 2810.45 27422
8552.51 2162.54 951.567 5132.91 25284
5403.61 8196.05 3607.29 3346.05 30131
6784.88 9284.04 3778.5 5133.82 29837
7366.56 2379.22 6841.33 3288.98 14549
2001.1 6038.7 3271.28 1482.89 27153
3828.55 1491.74 5086.21 3570.06 27074
5771.97 6737.88 3289.9 5630.36 21564
3719.6 2792.14 6147.95 1855.22 32518
7602.47 1546.37 5877.56 8082.83 32155
3861.51 6320.99 23.8044 7854.55 19650
5601.98 4121.22 4580.22 9250.77 32136
6616.11 2549.21 3148.9 7200.23 30627
7112.64 2356.33 6133.92 2129.89 31435
2850.12 6319.47 3451.64 4351.94 16415
4842.98 5851.01 5096.29 8397.47 22429
1651.05 6113.47 6607.87 8885.46 31315
6034.73 6187.02 5109.71 7033.91 31757
6936.55 855.434 5132.3 6421.7 27953
5539.41 5491.5 2854.7 4472.49 24245
6230.66 9409.47 6492.81 2291.94 26269
4990.69 7057.71 4267.1 4295.79 28077
6011.84 2501.6 5307.47 5370.95 28882
4943.39 8468.89 6630.76 1198.46 31225
5540.33 3457.75 1587.27 5768.3 32357
7913.75 5090.18 4161.81 4436.78 27093
3407.39 5419.48 4444.41 4681.84 31279
2858.67 6569.41 3546.56 6525.16 20141
6317.33 8194.83 4492.02 744.346 28693
6094.24 6790.67 4242.38 6931.97 25323
4002.5 3364.36 5168 7583.24 30725
5222.02 4224.98 5509.2 3353.68 32758
4799.34 4582.96 6319.16 2806.48 27487
5127.41 4665.97 7611.32 5083.16 18908
6525.77 874.05 3556.63 6192.21 25035
4739.52 326.548 6027.41 1964.48 28705
4217.35 5950.5 4416.94 8717.31 31534
1536.61 6099.73 4947.66 7290.87 29836
3613.09 5627.31 4914.7 4280.53 32257
4258.25 2896.21 5811.03 7529.83 16847
4835.96 8149.66 2641.99 3614 29831
6943.88 6753.14 5419.78 9407.03 31676
3714.1 7528.61 4781.33 6421.09 25703
4153.87 8373.97 4256.72 6443.37 29443
8306.83 4727.62 3123.26 2963.65 30640
6644.49 4734.34 6827.6 9326.46 22601
3928.95 5862.61 6410.11 5933.71 26983
1407.51 6023.13 3618.88 4801.78 30982
2990.51 5069.73 3794.06 6226.69 25033
8857.08 3715.32 4515.52 7917.42 31193
3531.6 5775.63 7234.41 6600.85 24009
4480.12 5511.03 4217.05 294.504 25215
4694.05 1608.02 7773.06 2889.8 28544
6788.54 3603.63 4244.21 4215.52 26773
6764.12 6683.86 3717.76 6449.78 29858
6571.25 2732.02 2441.79 4842.68 31865
6373.49 7107.76 6203.8 3178.2 32728
6652.12 2363.66 5387.13 6090.58 29204
2325.51 7238.99 3672.9 1704.15 26367
6887.11 4636.98 5135.65 5630.97 11335
3260.6 5224.16 1212.81 2995.39 23735
5403.3 3319.19 2568.13 4380.32 31516
1915.04 4220.4 2983.49 5490.89 29739
8373.06 3132.72 4756.92 4531.39 30123
6095.16 1606.19 5013.28 4946.44 31969
1788.08 2463.45 8367.56 7896.36 31128
4734.03 5371.26 2714.62 5725.88 26694
2831.51 3043.61 6498 5888.55 24180
4967.8 4318.67 3669.24 4242.99 29953
1839.66 2295.91 1706.29 5978.58 20101
4966.89 4423.35 6411.94 1750.54 31747
1698.97 5823.54 3635.06 7180.39 26220
3686.94 4457.53 5334.94 5084.08 25717
2434.46 4115.73 3813.9 1818.9 24686
6085.39 6457.41 8793.6 5211.34 30561
6066.16 9203.16 3160.19 7292.09 11675
1510.06 6115.3 3353.98 1928.16 32694
5092.62 5377.67 5730.16 8739.59 30931
3837.09 5923.64 5645.92 8646.2 25590
3499.86 6516.62 2906.28 6397.9 19666
3251.14 1539.96 4184.39 5980.1 31535
5305.95 7432.48 6369.21 6749.78 31511
8276.62 6741.23 3531.91 5739.31 29393
4935.76 4272.29 8802.15 5166.17 27839
3500.17 5133.21 4964.14 5222.63 27429
4427.93 238.96 5948.97 3446.76 32435
3317.36 6692.1 2455.82 5641.35 17156
2043.82 5649.28 6083.25 5536.06 20954
6401.87 1668.75 4254.28 6803.19 22451
1605.27 4145.94 5053.56 7228 31343
5012.36 7600.94 5161.9 5985.6 31243
4227.73 2925.2 4185 2209.23 20114
4666.89 7863.09 1545.76 5777.15 22827
5379.8 9695.12 3637.5 3250.83 28751
5407.27 5197.61 2817.47 6304.82 32261
4842.98 727.561 4283.58 4044.31 20658
4389.48 166.021 5851.01 2344.74 30929
5913.57 9137.85 5841.85 9037.45 23655
4807.89 5443.89 6544.69 7297.59 28284
2607.5 7582.02 4732.2 5297.4 25700
6299.02 9424.42 2021.85 5274.82 21222
7066.26 4493.55 4460.89 736.106 31475
8709.68 4635.15 5012.97 7576.53 30533
2755.21 6303.6 1994.38 5460.68 32139
6015.81 2884.61 4077.88 5990.17 19980
3432.42 1622.36 6361.58 4269.84 29510
6145.82 7179.17 4848.48 4586.93 22847
4341.26 8463.39 3606.68 4823.15 28538
3521.23 1107.21 4682.45 5888.55 28438
5273.6 1062.96 5870.85 4073.92 29885
8655.96 7441.02 6585.59 4112.98 23813
3967.71 1214.64 1480.15 4756.92 24341
7551.19 5092.93 4110.54 4624.16 25880
5720.69 4395.28 6462.6 6705.22 31096
3503.83 1789 3505.97 3536.18 26904
7632.98 6862.09 4658.04 4717.55 31145
6207.77 1617.18 6120.79 1638.84 30549
5276.04 5837.89 4899.14 8830.53 28271
3605.15 7156.59 6053.35 2952.36 31993
3121.13 6020.69 7016.21 3030.49 28642
6880.4 5179.91 4903.41 8249.15 21355
5379.5 3342.69 3484.91 1134.37 27672
5899.84 6507.46 5716.42 6552.93 29433
8745.99 6087.22 3484.6 1147.19 30260
6374.4 8460.65 5383.77 4008.91 26629
1031.22 5552.84 4974.21 5462.2 31502
5567.19 1207.62 3987.55 4192.94 32728
2412.49 5958.43 8240.3 2826.62 30142
6880.09 5185.09 3938.11 6805.02 17792
6217.84 3730.28 6507.16 842.006 29542
4329.36 2353.59 8268.07 3155.31 25634
7248.76 7030.85 3488.57 1054.11 31093
6017.33 4287.55 8335.83 4746.54 30976
4123.66 4950.41 7546.01 5093.54 31992
4271.98 1951.96 7571.03 1820.43 31117
5531.79 8863.8 1452.07 6261.48 26629
4061.4 333.872 4215.83 6382.95 25282
4605.24 3477.58 6577.04 566.424 21054
8799.71 7117.83 3560.59 6186.71 29500
5632.8 3734.86 8027.89 7824.03 32751
6203.19 5609.3 5550.1 9115.88 31648
5603.2 2557.45 1545.15 3754.39 27636
6859.95 4657.73 5814.39 9704.28 25962
6215.7 4340.04 4454.48 7907.65 30727
7211.52 2960.3 5131.69 7176.12 32550
3946.04 1717.58 4746.54 7365.64 23528
8112.43 3336.89 1553.09 4896.39 22610
6619.77 2941.68 8382.52 4401.68 25021
6262.4 7256.08 7754.14 3220.01 28668
5020.91 4969.63 7244.18 3059.48 18675
4173.41 4343.7 5476.85 3742.48 30015
3567.61 3174.84 4719.38 8474.99 28114
6806.54 3587.76 5178.08 750.45 31333
2138.43 2536.39 4800.87 3567 25535
4493.55 487.686 7251.2 8243.66 32284
4612.57 5286.72 4734.03 3110.45 30946
8357.8 2974.64 5462.2 2867.21 30814
8226.26 4413.89 6374.4 4347.97 24865
4520.71 1075.47 1952.57 4331.19 23791
6683.55 8835.41 2670.98 4952.54 25405
3028.05 5551.62 5229.35 4289.99 27226
3978.39 3234.66 3575.24 6071.05 31106
7295.45 5438.09 7977.84 2401.5 30039
5405.13 5681.63 8672.14 5618.76 32405
4215.52 3183.69 6570.94 4083.38 25804
4928.43 3546.86 5568.71 9051.79 17764
3256.32 7481 4806.05 4842.07 25159
3607.9 5295.27 4392.83 8074.28 28678
3180.94 7263.71 5065.46 5410.93 21026
6712.85 6102.79 6804.71 5734.43 25838
6562.4 7016.82 4589.37 5060.27 29803
4822.53 5467.39 6859.34 3442.18 13783
5881.22 3566.09 4555.5 1929.69 20813
3966.49 6620.08 7051 3703.73 18182
6511.12 1820.43 4831.08 4563.74 24020
6820.89 9172.34 6292.92 4550 31101
2063.05 5166.17 7061.68 9260.54 31166
3202 1581.77 2566 5748.16 30395
4701.07 2624.9 3297.22 5520.49 27563
7924.44 2878.2 4842.37 2745.75 32215
3351.85 5215.61 4755.09 3884.09 28954
3257.55 1514.02 3111.97 6163.52 24997
3098.54 3136.69 3854.18 4962.31 31411
6780.3 6891.08 7265.85 3488.27 30724
6061.28 8085.27 6449.78 3003.02 27966
7215.19 3596.3 2753.38 6310.62 31971
6301.77 1677.91 4114.51 517.289 22752
9217.81 4952.85 6820.28 4014.1 29496
4619.59 5244.3 6513.87 3053.68 26368
2487.26 5902.89 4487.14 1083.41 8911
5575.12 3504.75 4151.43 5481.12 22780
3996.7 4375.44 3191.63 3229.77 31543
3388.16 2034.67 5646.23 5762.2 28672
5745.11 5419.78 6088.44 6756.19 21216
4633.32 482.192 3859.07 5153.05 30852
4164.56 3125.1 2765.59 6285.29 24190
4327.83 6575.21 4561.3 2566.91 30197
6006.65 3548.08 6327.4 3081.15 28295
3432.42 7202.98 8278.76 6342.97 25949
4945.22 9052.1 2571.18 6932.28 22230
6512.34 1272.62 6124.45 7681.51 29957
3802.61 1077.91 4054.08 4739.22 22241
4691.31 4647.05 6574.6 1692.25 32072
5196.39 7729.73 6347.54 6875.82 19802
5620.29 8918.42 4168.52 2940.76 26829
6629.84 7034.82 6433.61 6157.41 29307
2366.71 6018.25 3003.94 4568.62 27135
5243.39 8326.06 4699.24 4337.9 23872
5731.99 4317.15 4259.16 3350.32 20620
3755.3 6603.9 8318.43 8444.17 29851
4741.97 7893.31 7251.5 1583.91 32233
6204.11 3466.9 4290.6 3273.72 29773
3049.1 7597.58 5832.7 8041.63 26256
7406.23 3525.5 6248.66 6609.39 31524
4628.13 9245.58 2502.52 5890.68 25515
8968.17 4526.2 4811.24 357.372 25147
4382.76 6617.02 6706.14 649.129 24362
6010.01 3678.4 7028.11 3163.55 17876
4738.61 5609.91 5081.03 7867.98 27980
6208.99 1731.01 6039 4275.95 31883
2279.43 6030.76 4832.61 5131.38 27893
6223.94 5061.8 3003.33 6257.82 29238
3284.1 6735.74 6218.76 6494.64 32051
3517.56 7213.35 4842.68 4687.95 17385
7028.11 9346.29 6129.64 5733.82 28038
5238.81 2685.32 5108.19 3078.71 32347
5701.16 8585.16 7008.88 9197.06 30132
6842.86 9211.4 2340.46 3474.53 32208
3914.3 2626.73 5367.6 8084.35 30793
5312.66 5477.16 4137.7 4438.92 27687
5383.77 1566.52 5412.15 1629.08 32469
5370.34 8062.38 5958.13 6695.46 30121
4362.32 170.598 6502.27 2091.43 29516
3441.88 3231.6 6566.36 3720.82 32688
1813.41 5771.66 5746.64 6479.08 28487
3056.12 5581.53 3512.07 3176.37 29130
4652.55 356.456 2412.18 6042.05 29042
8263.19 6184.58 4316.23 4070.25 25706
8908.96 4592.73 6101.26 3548.69 24030
3146.76 6916.41 4393.44 6753.75 22466
5789.67 4232.92 5490.28 7985.78 28195
3634.45 5785.39 8421.28 7872.86 28083
5677.05 1083.71 3974.12 4686.12 30343
4092.84 3527.33 6133.61 7045.81 28630
5405.74 4149.91 5691.4 8775.9 27217
5491.5 2894.38 6281.93 5049.59 32122
5176.55 3523.67 6088.14 3305.76 28612
4405.35 468.154 5499.74 1912.29 31627
974.151 5195.17 5366.68 3122.96 31863
5735.65 8884.24 7599.72 4874.42 13342
4214.61 1642.81 6838.89 3296.91 30548
2618.79 6096.68 5259.56 343.638 27151
3131.2 6116.82 4710.84 5902.28 24698
5097.51 9725.33 6476.03 4511.86 32666
5576.65 583.209 3971.98 5938.29 21521
8667.56 5696.58 4273.2 1714.22 27490
1510.67 4955.6 1415.14 5673.09 16164
6726.58 9308.76 6520.28 1373.94 27062
5470.44 6568.8 3155.61 4545.43 31251
6072.88 8746.6 4882.66 3939.02 31344
5530.26 4597.31 5769.22 7636.34 30738
6253.24 1638.23 2138.74 5684.38 32322
8332.47 2956.33 3413.5 7486.8 28297
5558.34 3694.57 6283.46 6620.38 29523
3345.74 3721.43 8504.59 5640.74 23381
5948.97 7968.08 2556.84 4230.48 18861
3973.2 3794.98 6335.34 6246.22 27091
4022.03 3977.78 5564.13 1927.55 26282
6590.17 5946.53 4820.09 6135.44 23222
4861.9 4567.09 3317.67 3560.9 26433
3924.99 2623.37 1809.75 4904.93 30017
6537.98 943.937 7282.94 5448.16 22422
3049.41 5389.87 5806.76 7882.32 31976
5599.23 600.604 4015.93 4463.64 26818
6104.31 2297.74 6830.96 4667.5 31195
4717.86 9427.47 4721.21 3596 28293
5925.17 6396.68 3979 4508.19 23871
4294.26 4467.91 7901.24 5305.95 20588
4976.65 4239.94 5017.85 3988.46 23411
6751.92 3016.75 5579.7 4028.44 15210
5217.44 6333.81 4845.73 7511.52 28037
6506.55 5240.33 4510.94 5240.33 24771
4723.35 4538.1 4827.11 4500.26 31578
3131.5 6218.45 1741.69 4877.77 30081
3612.78 5961.49 5797.3 2319.41 31591
3435.77 4348.28 2464.98 5645.62 26980
5483.57 4104.74 5316.02 6272.47 23552
6114.99 7089.75 7974.18 4710.84 29113
5115.51 8043.15 5449.08 8684.65 18226
3602.71 4457.53 2039.55 7013.76 30975
4745.93 5017.85 6862.39 2620.01 28365
3958.25 3841.67 117.801 6337.47 29664
4525.59 1067.23 7000.64 3986.63 30447
4904.93 9179.66 5982.24 8879.36 28593
7834.41 8160.04 7058.63 2625.51 27746
6254.46 1483.5 2753.99 4293.65 32586
8214.97 4643.09 5912.05 2626.73 30705
4532 764.183 6500.75 1494.8 27505
2080.75 5940.73 4246.65 3201.7 29907
4467.3 8495.74 4942.47 8516.19 27923
2654.5 5145.42 4635.76 5681.63 25485
4982.76 4632.1 2815.64 3055.51 14435
5189.37 5292.52 4148.99 2653.89 30131
3044.22 5793.33 4185.92 1720.63 26481
891.751 4846.95 3702.81 4732.51 14967
3909.12 2690.82 4008.3 3724.48 28195
4105.96 3134.25 4452.65 7431.26 20529
5671.86 9296.55 3179.42 5243.08 29377
3938.11 6670.13 3814.81 2251.66 15223
1765.5 5792.72 3681.14 5803.7 32691
4668.72 6828.52 93.3866 6743.98 17760
4903.1 8903.16 3386.94 4756.31 27418
5707.27 1990.42 7048.86 6725.67 27555
6563.01 4474.01 6739.4 9345.38 20088
4646.44 4676.96 4607.07 4804.83 29780
6516.31 4274.73 7593.31 8301.95 25729
5059.05 6295.36 1276.59 4943.08 29709
6944.79 8572.34 2166.81 4539.93 23541
6473.59 3375.04 4748.99 4348.89 31177
4295.79 5696.28 6279.79 6693.93 14423
7597.58 9129.61 5730.16 9794.61 28296
4513.69 2671.9 3931.7 3607.59 23715
4643.09 7305.83 5222.63 8381.3 30492
4602.8 9309.98 5162.21 5902.89 29930
2657.25 6132.39 7653.74 1797.54 15088
4888.45 235.908 7361.06 8392.28 24090
5668.2 8441.72 865.2 4248.79 27776
6749.47 6569.72 5512.25 3781.24 25426
6533.71 1690.42 6957.3 3334.45 31133
7401.96 5069.73 4531.69 481.582 30879
2775.05 5970.03 1155.43 6480.3 23895
8670.61 2665.49 6020.39 2745.14 28770
7249.37 6619.77 4944.91 9035.31 30943
4627.83 5657.83 1495.41 6824.85 27652
5353.56 4748.99 6498.92 1746.57 28140
7640.92 2371.29 3697.32 4391.92 31503
6510.21 1470.08 6088.75 7737.97 30402
6837.37 9177.53 3366.5 5309 21407
5157.63 4463.33 4785.91 5168.31 22158
4546.65 3773 4757.53 552.08 25233
4959.26 7888.42 7005.22 8066.04 27129
4747.46 3635.36 3091.53 3840.14 22335
4106.57 2190.92 4307.38 4197.82 15626
3620.41 4239.33 5250.4 3532.52 32730
3923.15 2438.12 4047.06 4822.53 31110
5573.6 5601.67 4702.6 8941.01 30521
7499.92 6960.36 6534.32 8766.75 31950
1982.48 5426.8 4167.3 5446.94 32572
5294.96 5058.14 5512.25 3858.15 25808
6810.51 3492.54 4385.51 349.132 23427
7255.78 1627.25 1926.63 5818.35 31691
5803.09 5682.24 3723.56 4389.48 31267
5115.21 5304.73 6074.1 1994.38 25641
6223.33 6513.26 4174.93 6545.92 18046
5635.85 8574.48 4573.81 3161.11 31298
5016.94 8801.54 4728.23 2348.7 21500
5507.98 8036.74 7456.59 5188.15 26212
6633.81 3035.68 4824.98 8497.57 30411
4687.95 4586.02 4056.22 1096.53 32076
5432.91 6095.77 1844.54 5129.86 24393
4153.87 6475.42 5564.75 930.815 31262
6743.98 1374.25 3534.96 6998.5 24477
3870.66 2340.46 2027.65 7046.42 21760
1998.05 6034.42 2029.18 7854.85 31420
6853.85 2043.21 5126.5 6637.17 15350
5756.71 8040.41 5757.93 8659.93 24602
2369.15 5800.04 6612.14 2926.73 21406
5299.84 4753.87 6354.56 4354.99 29083
6488.24 9038.06 4995.88 8833.89 31403
5386.82 5100.86 4957.12 5223.24 30892
5309.61 1889.1 5009.31 3551.74 32040
7221.59 6995.45 3536.79 2314.52 25560
2945.95 3192.85 6714.38 1816.46 29995
3251.14 6119.57 3430.59 4115.73 26563
4778.28 481.582 4495.07 524.613 29181
6338.69 6444.9 3446.46 1823.79 31183
3413.5 2925.5 2315.13 6007.57 24341
5236.98 5660.88 5050.2 8311.41 29497
6300.85 7133.7 4942.17 5786.31 32355
8771.94 5303.81 8714.26 4536.88 28467
5570.85 8440.5 4796.59 1531.11 22360
2336.19 4486.83 5907.47 5602.89 22697
5974.3 4672.69 8095.65 2667.32 30316
1551.26 3798.33 2061.22 5008.09 31836
657.979 3518.48 6462.29 2074.04 32292
1685.23 4232 8370.92 2897.12 21785
6707.36 1743.52 6876.13 2938.32 28921
6326.49 576.8 6391.49 4086.73 26473
6501.97 6807.15 4533.22 7864.93 19757
7069.92 4474.93 7022 8095.65 15475
2100.28 4668.11 1651.05 5389.57 29092
8883.94 3730.89 3953.37 1820.73 29928
7302.77 2910.55 7246.01 7027.8 18111
3130.89 3154.09 6052.13 8840.6 32343
4095.89 4479.51 4346.14 2351.76 27985
8040.41 7247.84 3092.14 7400.43 23685
2236.7 4087.65 7064.73 3653.37 29502
5911.44 2753.99 3070.16 6402.48 26635
2475.66 4913.17 5455.49 4401.07 27648
2815.64 7741.02 1347.09 5847.04 32764
2174.14 6023.44 4582.96 414.136 25881
4911.04 8248.85 4075.14 6006.65 20297
5294.05 6562.4 3590.2 5570.24 28686
6591.69 585.65 4221.93 1218.3 23694
7801.45 3400.37 4789.88 2444.23 32331
7092.2 4468.52 5887.02 2878.81 24551
5168.92 6538.59 5904.42 8765.83 26738
6429.94 6349.38 4673.6 896.634 23944
7359.84 2787.87 8274.79 4542.07 27630
5383.47 5911.74 5028.53 7777.03 24997
3054.6 6183.36 4436.17 8649.56 27609
1314.43 4951.63 3678.09 5709.71 28214
7437.36 5089.88 205.084 7920.77 28672
2515.64 5926.69 1057.47 5544.6 31224
2674.64 6329.84 1322.37 2977.69 31428
4446.55 5734.43 5348.98 9973.45 29464
4243.29 4699.85 8196.36 2770.47 32341
3741.26 6630.45 626.24 7324.14 20154
5069.12 7426.68 3167.52 7109.9 26128
7365.34 1517.99 7411.11 1449.93 29038
4964.75 4652.24 4399.24 8745.38 32451
4700.46 9018.22 6263.01 6234.93 30479
5618.15 9196.75 6766.56 2103.03 26424
5283.06 9027.38 1760.92 5776.54 31887
4965.06 7806.94 5481.43 3832.82 31867
4062.93 3719.9 9215.98 4926.6 30788
1741.69 6978.67 3743.1 3870.66 12071
6555.38 803.858 8376.72 8915.98 32390
5850.09 9708.24 6024.35 8711.51 15799
8250.37 3466.9 6004.52 7592.7 29269
5369.43 6064.33 2666.71 5287.94 31672
6230.66 6475.42 1573.53 5769.22 28674
5063.94 7299.42 2018.49 6021.61 23661
6002.08 3652.15 5392.01 8811.3 31150
5157.93 5858.03 4969.63 5850.4 26242
2086.86 5170.14 5958.13 3438.83 21604
5807.67 7485.58 7782.83 9038.97 30837
6476.64 2734.15 4334.85 301.523 30887
2856.53 6535.23 5573.29 4267.4 25123
1322.67 5825.98 1634.88 5271.16 29871
6414.38 4351.33 5908.38 9151.89 28255
1572.31 5410.93 6400.95 6846.83 24457
2905.36 4492.02 6336.25 1241.19 31019
5598.01 1234.17 4815.82 192.877 25942
5211.04 5855.59 1250.04 2959.69 31183
7209.69 7916.5 2135.07 5379.5 26851
5174.41 8679.46 3608.51 6467.48 26257
3757.13 4970.85 6139.71 7085.79 30292
5174.41 8591.27 6161.38 5881.22 22119
6769.01 7091.59 3530.99 6986.3 27241
3619.19 5233.62 3465.68 2782.07 26485
2351.15 5793.94 5970.03 9355.14 20267
3920.1 4315.32 6337.78 3609.42 25838
6087.22 8357.49 2303.23 7272.87 31820
6112.25 4719.69 3955.5 4936.67 30607
6784.57 8977.32 6125.68 7303.69 31096
7046.72 4443.49 6748.25 7026.89 24829
4033.63 2183.29 4757.53 2327.04 31632
3889.28 5756.1 5747.55 5848.87 31998
1172.22 4834.13 5311.44 8021.79 22528
3885.62 1080.36 4267.4 505.692 29675
4235.36 514.237 4597.31 3388.16 31122
5478.99 1345.26 8648.34 5913.88 32602
5554.37 9912.72 3396.4 4826.2 17110
2071.6 3709.83 3386.03 1420.33 28259
3381.45 7080.29 2691.43 6316.42 23994
6492.81 6796.78 1854.3 2499.16 22724
2009.64 5317.24 4613.48 8654.74 22896
2547.69 5840.63 6606.04 7060.76 27516
1142.92 5074.62 6911.22 2924.59 26423
3292.03 1896.11 5352.34 4750.82 31241
3775.75 5776.85 3021.33 2887.05 31011
4946.44 4084.29 6384.78 1704.76 32747
5592.82 8880.89 3349.1 7078.16 29795
7643.36 2266 7359.84 9211.71 17044
3421.74 2912.38 3994.26 6027.71 23819
6997.59 2289.8 3862.73 2474.14 15117
4569.23 6716.51 5331.89 5305.34 32611
5427.72 2779.02 4808.5 8143.56 32263
6677.14 6699.73 6635.64 7104.1 29514
101.016 6732.99 6293.22 6840.11 31913
5355.08 6910.92 8381.6 1389.2 24916
5862.61 2512.59 6651.2 7004.91 24693
6670.74 3442.18 4692.53 7726.37 28942
5970.34 4479.51 7040.62 2489.39 31304
6785.49 1738.03 5072.79 7206.03 30325
7248.15 4003.72 6106.45 4247.57 22294
6757.1 523.392 6866.66 4629.96 22271
6194.65 9113.13 5454.27 5608.39 30175
2098.45 7027.19 574.969 6429.94 32350
3909.12 2740.26 8619.34 5892.21 27085
5009.61 5393.23 3956.42 1521.35 22512
5092.93 2940.15 8634.91 3389.08 32688
7341.53 2794.89 5363.93 6040.83 27351
2938.32 5420.09 3960.39 6687.22 31299
