1000
5188.56 7207.08 3129.77 4116.84 1996
4304.83 5426.47 3386.22 4615.93 8107
3309.62 4142.2 7518.06 4022.65 366
5945.24 8331.93 4895.71 6218.81 3475
1269.59 1937.2 6096.09 5399.92 8584
4556.09 3404.1 4796.88 6286.97 4151
4126.56 2933.89 4314.97 5788.12 1721
6050.69 5296.1 3406.07 4683.69 370
4622.65 6083.98 4535.34 5903.51 4826
5331.96 7034.24 2914.69 4111.62 4875
5270.47 6703.28 6579.47 5648.46 5901
7222.62 4157.3 3851.14 2359.79 11
5189.11 6844.71 4607.29 5926 5287
3038.23 3885.57 5853.69 7516.9 925
5732.05 7404.33 5602.9 7327.77 6285
8245.93 9086.47 5739.53 7662.99 7050
5606.15 7347.25 4437.95 5975.61 7667
2098.52 2936.61 655.331 527.007 5454
3191.54 4018.2 5823.35 7578.14 6297
4837.73 6140.69 4120.21 5413.85 6789
5970.83 4393.64 5805.12 7435.2 2978
3886.81 5319.21 7673.4 3977.7 5708
6053.17 2064.58 4102.28 5498.89 2912
4146.2 5313.45 7479.52 2446.44 212
3803.27 2448.9 4375.76 5909.24 4758
4599.54 5876.29 7746.53 6824.85 2842
4763.09 6330.47 2307.16 2910.04 8006
5255.27 7064.97 3040.58 4154.66 3197
5410.27 7121.47 3056.97 4177.2 1397
6901.77 5868.88 4953.06 3477.01 287
4342.82 5455.71 5124.92 6590.34 5139
2915.79 3827.1 5141.65 6507.55 6286
1720.73 2617.43 3247.23 4293.42 970
3432.55 4688.62 5865.27 7526.77 254
5385.45 4448.82 5170.91 6510.97 5587
3508.23 4611.17 5247.57 6689.9 593
5550.5 7514.36 3906.84 5314.94 7743
6096.38 2101.32 3412.62 4444.89 8399
5811.43 7399.07 3647.26 7581.54 6427
3061.94 3778.5 4156.13 5484.62 571
5516.77 7412.71 3289.61 4127.52 5899
1951.68 2610.73 4551.08 6150.68 7821
5741.39 7173.29 3183 4196.88 3866
3060.84 3963.76 5472.02 1900.5 1815
7922.33 4062.15 5503.48 7403.21 2408
5427.92 6832.9 4845.03 6258.79 1357
4720.94 6305.23 3290.92 4078.38 7258
3833.3 2476.96 7574.19 9156.07 7539
3182.25 4075.05 5225.89 4234.28 4663
3035.54 3952.76 5322.06 7048.34 7470
7617.95 2563.96 5066.4 6352.48 4333
5005.98 6539.28 5388.87 7062.93 7518
4984.07 6331.58 5076.3 6567.33 2007
5208.96 6689.9 7115.54 4180.74 825
4754.13 6126.99 5592.27 7181.65 7118
5349.15 6889.14 3373.05 7496.47 3381
1396.74 1746.69 5585.1 7170.08 4759
4954.72 6431.37 5207.86 6604.67 410
4668.49 6135.52 1766.86 2133.1 1413
3825.31 2273.3 3996.92 5363.56 5118
4896.25 3327.67 1922.14 2150.39 535
3858.86 2490.81 5524.23 7135.38 5482
4006.8 5338.1 4094.65 5398.04 2295
5524.65 4307.03 5782.57 7469.15 6281
5048.65 6586.35 7142.58 4295.78 3254
7212.67 4201.44 7168.24 4179.89 6159
5762.34 7542.77 4882.39 6180.55 7078
5476.08 7135.69 4072.35 5401.85 2593
5360.08 7094.95 4202.6 5463.72 80
5630.33 7268.54 4959.16 3481.3 6051
473.535 57.6245 2085.73 2936.7 1917
5335.81 4320.21 5043.45 6401.79 3015
5229.53 6748.93 1667.67 2262.95 5001
5840.12 7679.92 4050.32 5327.38 5761
4191.43 5432.5 5728.92 7329.55 4320
5329.92 6869.74 5237.5 7054.79 5028
5945.14 7595.69 2857.33 3830.62 4745
4243.81 3039.56 5136.64 6910.38 7307
3296.13 4578.06 3383.46 4192.15 4576
5785.48 2004.01 6183.65 2246.85 5869
4048.34 5439.61 5680.54 7583.92 2743
3343.2 4658.22 5095.35 4040.84 5103
5559.99 7074.13 4801.6 6268.65 6300
4873.57 3814.44 4781.54 3310.06 2876
7936.98 5146.54 6742.71 2666.63 6856
6037.6 4929.54 5298.05 4220.99 5036
4229.15 2962.67 4777.68 6290.32 5660
5175.32 4223.71 4938.72 6182.92 2635
7876.24 5456.6 5255.72 7089.24 2862
7118.61 2760.41 4430.79 6082.1 5200
6120.02 7683.46 5666.97 7473.34 6868
3381.3 4647.61 1736.61 2149.15 607
331.669 416.549 5454.44 4288.31 2576
5383.28 6952.7 4709.96 3264.25 8108
4620.86 6049.13 5092.6 6670.55 6800
6109.65 7630.14 3716.01 2259.69 4152
3898.18 2504.17 3018.05 4109.08 7256
4672.32 6084.79 4704.32 3266.96 3452
3392.49 4257.49 7387.99 6031.87 8720
5887.33 7625.38 4752.12 6235.37 3717
5998.81 4371.71 3909.96 2179.81 3223
7651.83 4096.3 6302.05 3030.5 1999
1753.17 2179.55 4793.52 6105.34 3742
4265.33 5592.6 4091.77 2516.04 2497
1734.97 2147.33 4964.64 3966.1 4025
5260.89 6786.96 4393.79 5850.45 8291
9676.82 9553.44 5329.88 6983.51 4390
5486.38 7354.88 5787.51 7405.6 522
4157.63 5457.59 3182.49 4064.5 7029
6033.08 2130.95 7132.34 9298.41 4749
3136.39 4146.91 4366.26 5854.45 582
8094.11 9681.21 4685.19 3176.76 7453
4479.86 2943.28 4065.63 2519.74 7872
4989.2 6476.04 5225.17 6917.22 6032
4649.44 6007.06 3241.81 4447.89 799
5207.86 6602.29 5069.43 6642.26 4939
5812.88 7500.7 4044.16 2791.6 1091
309.008 573.383 4436.2 5969.91 3547
3863.77 2351.33 686.727 1022.25 1758
3286.55 4152.32 4527.63 5898.13 5813
5515.61 6953.35 3514.88 7144.47 914
7363.43 8432.47 3110.47 4044.32 7708
3329.09 4088.03 5786.63 7423.67 5037
6698.9 8794.76 1135.97 1372.68 3609
3041.97 4057.62 4107.79 5407.25 2141
3054.61 4266.44 5521.1 1841.65 6035
4126.07 5583.53 4035.95 2263.98 5125
5416.21 6785.41 3046.22 4242.98 1973
2922.41 3944.94 4000.44 2469.97 2513
6100.76 4570.88 5205.8 6830.21 7583
5761.46 7649.33 5835.49 7581.33 1395
5970.49 2110.87 3739.73 2374.58 449
5832 2071.75 3067.46 3988.1 4163
5222.2 7069.59 6212.15 2286.53 948
5582.36 7340.26 4248.79 5567.04 432
3653.7 5152.13 6888.18 6277.51 635
3306.09 4093.47 3847.23 5147.07 4774
3102.75 3961.65 324.191 464.196 308
6104.08 7615.52 5652.39 7121.72 1044
5515.12 4996.28 4638.81 6163.64 3034
3823.85 2512.72 5357.88 4329.51 4424
2404.77 2791.28 2864.5 3845.22 8169
4315.41 5451.81 5513.86 7461.09 5717
7842.11 6466.82 4146.37 7917.81 5262
5233.78 6761.07 5978.59 2503.22 3645
5401.33 7157.45 4701.86 6066.12 8448
3885.42 5244.38 5865.43 7385.17 4978
5459.9 4074.29 5120.62 6598.19 5079
5303.84 4234.77 5302.17 7088.61 3841
5969.86 4394.59 5964.54 7564.81 1294
4834.49 6287.37 5886.53 7613.39 6077
5229.81 7013.17 7417.33 6339.61 6609
9081.49 9484.73 4051.1 5398.79 7099
4698.81 3196.65 5510.55 7019.62 4139
5003.98 6565.36 6056.09 5498.65 6835
6347.28 3039.57 5303.27 6725.82 944
6036.56 7701.93 4374.15 5871.13 6080
6907.86 5870.87 3231.08 3976.88 6383
4170.96 5270.12 6087.82 4569.03 7043
7495.52 2554.21 4050.89 5437.42 1174
5201.63 6894.34 2937.85 3799.34 4164
5809.02 2470.06 5165.82 6519.43 7601
5067.55 6538.87 3815.31 5256.18 6237
5173.89 6733.13 5338.22 6840.84 8414
5231.58 6844.88 5226.59 6949.82 3833
5798.77 7732.2 7116.64 3135.93 8070
5739.92 7377.57 3935.51 2482.54 3164
5366.15 7093.74 5680.45 7181.8 2465
5734.72 1995.67 5787.4 7397.55 3587
7561.17 6487.04 6164.74 7696.45 2830
3891.27 5187.48 5532.74 7014.14 8662
3074.62 4279.38 5707.57 7256.49 4893
4244.23 5813.78 3175.89 4321.97 6029
9053.26 9299.47 5311.13 6996.32 1459
1579.43 2054.76 5881.8 2068.87 384
5318.53 7024.52 4040.86 5487.46 3806
4011.52 5347.65 4211.62 5453.31 8037
5802.67 7671.28 4722.49 6092.55 6808
5383.8 6804.02 6370.15 3079.02 7127
5922.87 7624.62 6434.97 5865.72 1627
4961.28 3531.36 3904.79 2350.09 4260
4858.3 6248.21 5565.8 7041.41 1325
5192.99 6704.58 5947.98 7615.22 6323
4688.17 6074.89 5907.72 2095.39 7900
5652.92 2095.79 4084.98 2491.3 1846
4029.43 5281.49 5843.77 7543.67 1130
1874.01 2212.18 5472.04 7359.42 6117
7225.72 4147.78 3840.93 2552.7 5656
3274.86 4124.27 5181.51 6878.45 5817
5750.54 4362.48 5573.52 7106.22 878
5887.86 2024.21 372.771 468.19 3431
663.283 289.387 5604.96 7321.07 1226
4412.24 3296.61 5484.7 1863.45 2614
4121.37 2474.94 3018.92 4214.75 8752
3519.33 7968.23 2990.8 3796.11 972
5063.37 6668.77 1279.79 1929.53 1567
3104.66 3906.67 5876.12 7483.43 7657
3314.75 4158.71 1457.13 2255.45 6720
301.784 397.182 5555.32 7173.14 154
3166.49 4058.86 6126.53 7634.23 4642
5538.06 5020.66 1218.83 1718.02 3135
4344.6 5820.64 5578.17 7140.81 7453
5780.32 2469.47 5853.18 7580.1 2275
5722.41 7694.04 5369.58 4472.66 2369
3079.57 4285.27 5153.79 6699.05 5517
4152.45 2958.57 4978.98 3984.91 6463
4160.86 2581.02 6132.08 7640.18 3497
4739.08 6066.48 4893.56 6241.1 4595
5250.26 6902.64 3640.8 7531.77 7872
5417.71 4449.54 3054.22 3965.17 8359
8041.42 4539.02 6008.65 4397.7 97
3500.24 4532.32 7232.77 4200.56 915
4950.01 6502.45 4756.31 6372.01 4779
4712.74 5930.52 5493.46 6958.28 4792
3141.91 3820.06 3089.51 4196.22 5
4157.91 5583.24 5958.45 2045.06 2476
5445.95 4412.23 5897.92 7358.91 5349
3128.88 4138.8 4488.68 3185.63 3947
4683.36 3193.13 7143.44 4188.49 3001
5210.56 4284.73 4013.28 2476.02 1962
7217.63 6083.54 4989.93 6570.98 4353
4103.62 7950.5 4889.82 6322.89 5699
3291.88 4286.31 4101.15 5400.8 6113
4743.31 6345.63 2930.51 4066.5 6718
7518.12 2298.5 3616.74 5142.27 368
6839.4 5608.33 2835.33 4003.86 6784
2899.8 3973.62 3469.5 4682.98 1
5789.2 7480.98 5846.43 2477.95 3413
4141.78 5532.99 4952.51 4027.32 2229
5615.49 7506.01 5407.87 4225.12 2350
5695.4 7374.37 5017.02 6697.67 4628
3891.65 2399.72 4368.36 5794.03 157
2818.27 3809.46 3834.72 2228.94 2985
5273 7047.75 3041.16 4194.36 7424
3247.23 4293.42 4312.77 5441.31 668
5519.47 7423.21 4770.51 6108.75 392
5330.35 7024.4 5914.57 4411.4 6433
5104.71 6859.53 8069.62 5514.53 7350
4646.7 5974.74 5732.79 7298.24 8648
7240.27 4391 4646.96 6013.6 2457
5725.18 7263.31 3168.38 4226.51 365
3989.79 5274.46 3193.34 4230.01 8496
8098.88 9501.25 4846.93 3342.3 6991
4622.29 5963.93 7199.94 9308.27 369
4579.1 5889.05 7324.57 2982.3 6563
7758.1 5391.02 3516.12 4643.18 3877
5828.85 2468.98 4051.84 7953.66 861
8364.74 7137.34 5893.46 7362.33 5816
3224.08 4099.72 7186.93 4210.56 1268
4842.55 6232.61 5507.75 7097.12 4300
4958.58 6358.14 3363.1 4298.37 6234
5812.58 7460 5641.91 7192.02 4363
3072.8 4060.27 3369.34 4284.31 5122
5727.94 7165.35 5645.2 7096.67 6429
6018.53 7520.41 3104.97 4312.93 5653
3842.65 2246.89 4830.82 6251.91 5735
3194.3 3918.41 5889.26 7514.09 2201
3848.38 5267.66 3063.6 3987.01 798
5534.93 7063.95 4806.79 6308.02 4722
3108.27 4111.69 4268.08 3074.08 506
5247.01 4255.76 5508.43 6943.93 7346
2703.45 3415.01 3138.04 4306.11 876
3053.12 4068.72 4573.06 2993.77 428
4005.53 2249.41 3400.4 7774.01 2984
4543.06 3317.01 3137.08 4051.03 6677
6210.54 2227.55 3235.11 4128.18 3400
7227.89 4217.82 3433.66 4250.37 2549
3283.64 4217.88 3397.56 4222.68 7833
5651.33 2095.95 3186.03 4238.5 8038
1464.31 2234.4 4826.01 3746.74 8679
5384.52 4228.08 6002.6 7609.89 1672
5412.81 6799.17 3220.21 4209.12 6778
3900.02 2193.25 3986.75 5309.91 3616
3400.01 4412.48 4522.87 3032.98 1243
4882.47 6124.25 4691.1 6181.62 1085
3247.88 4451.07 7414.38 6691.25 5421
3159.79 3950.38 5373.66 4462.51 4129
4131.96 2467.89 7467.94 2372.02 4734
4399.32 3301.69 4830.5 3369.77 6089
4829.52 6010.83 5302.08 4280.85 1025
5839.33 1968.8 5328.25 7003.93 8302
1961.08 2144.93 5282.86 4258.23 1311
5859.78 7664.85 3089.51 4220.88 2780
7865.63 8234.8 4485.12 3352.99 4956
5430.25 4398.15 4784.35 5966.75 5569
3406.14 4430.8 4331.69 5430.82 4322
3198.16 4300.47 7880.66 8237.18 720
5873.06 2028.54 4462.16 5936.71 6684
5841.44 7660.19 5372.3 7147.71 7424
7491.67 3913.17 4719.06 5934.75 4386
5214.48 6804.02 1778.64 2742.99 3536
4134.07 5627.62 5036.9 6689.9 247
5524.23 4989.58 4756.72 5934.48 8110
4344.11 5813.26 5047.84 6640.6 8027
5130.1 6573.67 5891.19 7777.54 468
4411.52 5969.6 3715.46 2373.88 5214
7374.43 9050.13 4139.85 7943.17 8222
3141.95 3939.81 5711.46 4667.63 4111
5847.24 7345.38 3349.62 4592.53 7125
5510.75 6927.3 4124.69 5283.19 2373
5979.41 2011.1 3353.68 4573.09 1244
3605.2 5106.86 2909.39 4104.64 1978
5461.46 4271.75 4965.77 6587.03 2193
3178.31 3909.52 5264.12 6611.71 1002
5724.32 7635.99 3786.66 2391.58 6929
5022.86 6581.42 4889.13 3445.84 4556
1914.78 2153.28 6841.56 6322.81 5170
5192.09 6846.28 3693.93 7553.64 4472
4705.2 6309.62 5523.49 4306.92 5932
4953.78 6405.99 3944.89 2216.38 2181
1753.38 2169.29 5621.52 7619.04 3428
5228.82 6703.99 4078.36 5565.63 977
5065.56 3417.1 3825.29 2349.35 6918
5502.93 7374.98 5425.71 7101.38 2171
5912.92 7514.42 4600.65 6205.26 1074
3271.72 4598.73 5906.22 7492.27 6856
5158.99 6624.24 4622.44 5900.72 3575
6061.33 2152.69 4804.7 6077.87 7522
4315.52 5762.88 5459.63 7261.56 7910
2740.39 3288.34 5504.01 2089.5 5529
3983.15 2352.12 5434.68 6950.78 8179
3158.53 4046.54 3836.92 2552.9 4082
5158.37 6552 5546.82 7212.18 3954
5432.4 6818.44 5265.61 7033.33 8211
5329.4 7173.3 4475.46 5831.2 1198
5817.93 2470.99 4940.01 6385.4 6013
2921.76 4051.1 4247.13 5550.14 1780
4274.41 5810.32 4126.37 5559.35 4714
5682.72 7549.34 4548.65 5936.88 3247
5493.65 7033.89 4422.79 5918.28 2367
5164.33 6690.12 3325.31 4093.65 4008
3883.07 2395.22 3183.28 4346.23 5482
4720.41 3183.76 6105.16 7705.45 6102
4983.17 6595.17 5660.3 7181.94 4927
4194.45 5506.03 5047.92 6605.11 6876
4476.77 3383.78 5775.87 2462.67 4757
5685.5 7646.45 5859.75 7708.91 3581
3052.57 4036.64 3061.18 4143.65 6314
5734.54 7601.38 6046.36 8337.79 3350
3295.36 4111.69 5369.2 6953.44 2051
3012.76 4212.24 6396.62 5885.01 8015
3401.11 4267.37 3325.75 4122.27 290
6392 8011.62 4423.25 3260.94 4966
4498.07 5961.15 3398.4 4806.28 5441
6396.88 5880.61 4014.39 5312.67 1480
440.093 485.91 5600.18 7362.26 6940
5710.83 4590.99 4792.16 6067.32 7690
3300.74 4183.56 6622.4 3057.87 3617
5908.29 7550.53 5350.02 6869.9 6235
732.055 285.188 5782.8 7350.07 8779
4555.42 5925.03 5820.19 7765.57 3955
5404.88 7207.25 3873.14 5282.67 8074
6980.42 5673.2 4022.47 5491.77 2941
4487.04 5906.58 5764.34 7309.8 911
4147.94 2938.08 7418.34 7499.27 7564
4688.9 6074.89 4155.67 5557.45 488
4457.58 3057.17 1785.53 2186.46 7709
4220.09 3014.2 3902.95 5258.51 839
8398.79 6928.83 4493.77 6004.57 8185
5026.16 6817.41 3948.86 5373.15 8534
5519.86 7010.83 644.378 485.569 133
2873.92 3390.32 4178.94 5655.31 4815
6165.1 8164.04 5336.34 6800.5 3236
5271.13 6565.96 5434.99 7194.98 5083
5339.25 6749.07 5218.06 6761.24 3908
667.955 364.087 4583.47 2949.23 5269
4359.23 5790.76 3992.69 2339.3 6988
3543.82 7146.29 4142.89 5491.67 2941
5397.37 4376.82 3229.93 3969.1 7731
3931.21 2284.41 5540.06 6945.07 7189
5791.59 7716.7 3355.32 4649.54 5261
6221.31 2210.3 3409.71 7731.23 5580
4655.8 6276.87 5548.22 4240.28 8559
3101.65 4118.14 6244.7 5076.77 1237
3786.06 2360.83 5076.12 6567.48 2850
5046.24 6411.59 3170.85 4052.39 4761
8184.59 7033.94 1075.36 1586.02 8449
3075.22 4283.15 6205.97 7672.3 3162
5580.66 7011.82 6109.22 2120.6 2703
4633.07 6089.02 5675.48 7397.39 6235
5952.14 2057.96 7170.13 4265.28 3516
5082.57 6608.71 5682.39 7396.7 7732
5856.45 7522.54 3358.09 4243.42 1077
4004.46 2279.48 5120.17 6549.72 600
4596.89 6217.76 5744.47 1995.6 2284
5855.61 7400.8 7687.99 9649.14 3312
3688.96 2373.48 5327.56 7033.24 6361
3688.44 2318.23 6111.7 7623.25 1676
3892.94 2494.45 4998.52 6617.41 3562
4544.86 6058.88 5609.55 7281.73 6061
8444.72 9360.41 5186.35 6842.11 1197
5751.64 4361.42 5841.56 7546.67 4858
5348.5 6890.15 3402.41 4381.02 4157
3696.84 2406.08 5529.73 7050.39 4545
5529.66 4993.39 3917.96 5339.43 5251
3775.9 7071.98 4629.27 3094.37 117
5570.21 7110.7 5001.57 6643.41 4442
3691.75 2334.43 4187.54 5312.04 5760
3138.72 4147.21 5301.29 6949.63 7661
4298.98 5854.5 7639.23 2086.17 1438
4055.75 5320.79 4220.11 5693.14 2383
4798.64 5936.86 3888.09 2195.65 57
2505.45 3036.45 3220.77 4231.44 1117
4399.15 5834.02 4368.67 5945.01 5844
1145 1668.04 4832.41 6132.43 2116
3236.21 4263.14 3446.74 4611.37 589
4405.42 5945.12 5653.95 3816.21 2436
5301.84 6823.44 5964.37 7601.7 4886
5863.26 7537.79 3379.23 4389.85 4351
4225.4 5573.68 4569.69 3467 8738
3095.42 4015.89 3815.01 2533.12 1160
4193.63 5502.09 5183.84 6758.95 5661
5706.38 7575.34 5324.14 7056.56 1680
5355.16 4427.31 4857.45 6269.51 8553
7465.44 4660.8 4549.36 5854.64 6104
5830.41 7375.98 3952.64 5302.18 7932
7768.51 3153.68 5495.2 7222.45 834
5495.98 6984.92 3159.13 4320.9 8528
5851.66 7978.12 5016.24 6577.04 1624
3438.06 4425.86 5726.28 7634.46 466
5457.25 7256.91 3356.96 4643.79 8364
4525.55 3032.15 3405.44 4429.9 3975
4459.62 3235.01 4774.92 6188.34 2547
6116.41 7674.39 2964.6 3721.72 8617
5669.13 7221.29 5067.93 6506.38 4644
4565.22 6053.57 4778.04 5927.47 6779
4398.45 5804.82 3059.31 4208.66 6935
5174.51 6515.68 5564.18 7549.31 6311
4739.36 6018.52 5558.97 7276.93 7429
4622.56 6212.04 5478.42 7021.35 5562
5307.91 7082.07 6115.65 4527.32 8633
5302.98 4238.69 5316.51 7010.2 4169
4760.91 6067.03 3038.23 4129.97 7282
5617.64 7651.45 5479.76 6995.62 1071
5472.16 7209.5 4496.31 5969.14 7322
4696.6 3201.58 3413.79 4277.23 580
3628.07 5075.46 5313.57 7077.39 3595
5049.03 6696.24 5023.65 6326.42 801
5399.32 7184.45 3863.27 2471.08 1981
4983.22 6592.84 4610.02 3128.32 1679
5230.48 6852.33 4170.02 5440.4 4816
4025.25 2802.23 5679.59 7492.46 7429
5272.39 6844.88 5839.35 7392.92 386
4954.58 6468.65 4612.63 5898.79 5566
5684.92 7398.96 7143.31 4250.59 4404
3862.22 5275.95 4070.63 2453.6 4736
5481.42 7300.07 5228.94 7096.11 5258
4567.43 3414.33 4051.03 2700.02 4964
2921.3 4108.17 4125.97 2556.32 1906
5395.55 7079.65 4720.67 6036.43 3647
4631.65 6306.67 5273.49 4318.1 896
5973.94 4399.43 5865.92 2069.82 2989
5552.6 7265.96 4976.23 6478.57 1262
4699.15 6179.11 5177.7 6767.39 3694
2998.6 4008.14 4888.84 3364.14 3924
5449.84 7205.28 4106.94 5429.25 5390
4386.65 3256.52 3115.99 3891.91 1317
7269.32 9205.23 1231.66 1930.55 4885
5331.96 7030.8 5812.17 2054.62 1996
4421.94 3269.91 5485.27 3925.74 77
4623.81 6106.98 6112.95 4602.86 1892
7453.71 4694.55 5945.87 5284.76 3646
5922.45 7606.55 4858.57 6286.26 4241
5459.37 2016.69 4479.32 5934.05 4973
4746.76 6073.73 5505.66 4263.54 8660
6784.93 5852.55 3015.14 4136.34 8107
2133.3 2953.68 4097.9 5454.82 7356
3922 2176.43 5847.37 2043.97 6674
7968.62 4739.9 5174.35 6930.52 6057
5484.72 6921.66 5035.42 6678.36 2439
8004.89 4554.8 3854.28 2470.38 7185
3263.91 4094.79 5221.06 6746.46 2546
3328.64 4395.5 7169.16 4200 4799
4870.89 6260.2 3263.21 4290.03 2211
5073.85 6534.22 4097.2 5399.31 2270
6087.2 7816.3 4101.88 5548.32 4780
311.835 571.794 5223.94 6735.04 3614
5756.55 7295.72 4030.38 5487.12 3090
5852.41 2066.21 5114.59 6745.03 7415
4883.57 6334.87 2932.03 3906.03 4479
4677.39 6244.47 7474.59 6568.06 995
5135.94 6622.28 1733.48 2197.11 3753
3867.06 2471.79 4265.77 5484.71 2782
3277.95 4083.34 3525.52 7483.79 1753
3887.13 5301.47 3821.72 5220.46 7451
2895 3773.64 3760.14 5187.57 8376
4603.95 6047 2825.15 3845.41 5118
4828.42 6111.32 3408.11 7793.16 5144
5321.47 4312.46 6350.04 5138.76 231
4621.39 3390.1 7155.82 4170.04 4362
5676.15 7685.12 7617.66 4032.09 2208
5061.7 3325.57 6818.26 6308.06 5023
5398.69 6944.78 4992.22 6453.7 3629
5655.35 7357.2 2881.16 3974.33 3516
3409.35 4247.48 5942.33 7685.97 2691
6038.43 2122.4 4557.63 5927.01 1105
3901.32 2505.6 3088.41 4275.11 786
3972.61 5307.83 4179.35 5596.76 7187
3212.81 4261.8 4211.31 5321.37 8529
5287.27 4293.44 4300.56 5752.66 1039
3858.86 5219.58 6256.78 5088.04 3653
3121.5 3954.6 7595.14 4179.54 1813
5832.24 7489.51 5209.52 6826.74 7212
4740.73 6376.04 6620.83 3045.35 4810
5333.11 4424.26 5522.94 4633.46 875
1157.91 1678.63 4936.29 6660.9 5828
4466.24 6093.62 4115.23 5445.65 8548
5707.96 7270.2 6816.09 6306.1 4372
3457.36 7519.06 4383.75 5831.2 6217
3200.32 3934.12 5708.77 7381.65 2109
4514.74 5934.95 7198.16 4228.64 4908
5488.59 7340 6201.94 5031.92 5112
3911.25 2362.71 5449.9 7169.21 6347
4579.09 3406.87 3447.39 4662.79 4998
3189.46 4249.05 5903.71 2078.73 1672
6120.09 7643.7 4777.99 6366.55 4349
4157.64 5298.52 7159.66 4258.93 2227
5286.99 6856.64 3133.45 3959.18 7487
4874.76 6493.75 4773.77 5967.55 4587
3226.29 4028.15 3158.71 4194.11 1338
4598.86 6149.09 4048.06 5495.07 8400
5790.27 7480.98 3788.82 2380.91 1218
5463.5 7372.8 5274.03 6896.75 8047
3898.56 2272.76 4791.29 3207.09 5442
5658.99 3833.25 3154.5 4290.99 2528
3122.05 3810.99 4599.54 5876.95 2718
5472.53 7293.99 5948.86 2099.26 6790
5838.22 7519.02 3125.36 4194.68 3065
2133.51 2948.46 5798.36 7384.47 3528
5904.1 2166.57 3408.27 4751.84 2886
4568.23 3356.43 4073.33 5371.21 5152
324.971 474.437 5734.01 7155.53 2017
4924.72 6225.68 4285.99 5805.14 5516
5892.34 7586.16 726.41 1126.21 6188
6157.14 7691.49 5316.33 7016.04 1028
5857.53 2008.28 5393.72 7078.75 428
5800.71 1954.04 5837.97 7366.3 2369
2906.41 3773.57 3314.51 4355.8 1609
3800.4 2301.32 5039.1 6369.39 873
3136.64 3834.85 5273.65 7032.64 2269
4373.98 5841.51 8400.38 9169.51 7367
4845.72 6555.09 5968.19 7715.25 6518
7189.01 4228.42 4842.51 6244.4 4597
4612.19 5978.29 3081.79 3839.78 3539
4511.07 6021.91 5957.46 2116.06 1478
7422.16 6739.91 5447.52 6991.39 5178
4925.49 6417.99 3929.45 5347.25 579
5141.52 6639.07 7963.47 4739.98 7102
5244.26 6994.92 4666.83 6151.72 1167
5611.83 7416.15 5499.64 6993.51 2102
5824.39 5211.72 5006.34 6345.44 4169
5432.8 7205.29 4955.99 6599.67 7756
2884.75 3801.91 3754.84 5168.04 4039
2884.14 4092.67 3246.14 4070.84 3589
3409.1 4597.39 5516.12 6984.38 6990
4000.05 5483.21 5395.38 7135.1 711
5560.28 7015.96 3139.02 3945.09 4774
6200.72 4967.34 6010.48 7530.37 2673
5960.24 2060.41 3922.58 2239.86 5168
4814.08 6256.68 3437.56 4800.28 785
3981.29 2355.56 4777.13 6185.64 1537
4485.7 6057.51 3328.51 4174.9 7851
7463.9 9243.86 5166.49 3445.07 2519
3021.14 4103.64 5009.87 6638.61 1483
5316.71 4151.34 3367.46 4697.77 243
2925.98 3906 5437.81 6976.81 1670
3012.11 3887.83 4192.7 5486.66 6191
4995.35 6677.94 5669.6 7262.98 7446
5938.82 2098.9 5492.38 6991.49 6724
4386.65 3298.09 4776.03 6327.12 876
5843.77 7590.14 5788.76 2470.53 5311
3391.62 4699.87 4092.7 2370.36 997
3177.99 3922.8 5507 6969.54 6055
6048.57 8337.85 3890.83 2402.95 8669
3070.21 4059.56 5172.54 6915.79 4926
4481.52 5923.92 5901.94 2524.74 8637
6116.74 2126.63 3963.09 2181.56 225
1123.31 1375.2 4415.89 5917.15 1380
6883.94 6282.87 3989.95 2499.77 2361
4642.37 6221.87 3794.88 2447.76 1496
5478.11 7203.35 5240.95 4263.94 4422
5169.4 4235.08 4967.03 6625.74 6611
4183.62 2642.34 5052.27 6521.4 8432
4743.86 6491.95 4324.34 5870.88 1752
3631.18 7349.95 7620.15 2452.17 2110
2904.21 3893.32 3444.72 4466.02 1338
4536.91 5884.74 5305.86 4314.98 1559
4031.49 5419.11 4145.1 5371.21 567
7160.06 4236.59 3868.66 2442.99 1123
5907.47 2146.54 4766.65 3240.64 5927
3964.75 2393.5 5392.99 7078.75 2680
5904.94 7339.15 2876.51 3383.65 6224
4118.08 5605.08 5374.42 6827.26 346
3201.66 4277.31 5227.92 6740.83 7670
3635.65 7567.69 4355.98 5799.19 3411
4730.8 5990.47 5306.58 4296.11 1672
6045.89 7615.13 7916.54 4528.54 195
3933.86 2222.06 4675.12 5982.65 4583
5111.38 6526.98 4603.4 3471.52 3792
4119.72 2917.85 3165.07 4114.26 1717
4107.6 5618.47 4322.69 5851.63 148
3290.67 4289.23 4735.95 3157.91 4799
2921.3 4107.44 3361.14 4350.88 3204
3162.1 4242.41 4142.89 5377.58 4662
5604.61 7092.13 4716.95 6015.4 7086
4828.97 6070.71 7603.52 3162.08 720
4938.82 6502.52 5534.37 7063.95 1959
5165.21 6743.01 5915.45 7666.48 3335
4207.72 5631.85 5620.32 7278.76 4536
3430.04 4245.88 3892.72 2310 6884
4549.99 5853.72 7678.78 2183.22 3298
6762.26 5724.94 7838.04 9558.35 520
5265.73 4276.09 2895.66 3781.53 4451
3327.11 4449.42 3252.26 4108.54 4802
2951.77 3904.57 3148.06 3988.31 3699
554.626 78.3201 7880.88 8275.64 7351
3857.75 2541.39 5944.26 2086.52 5685
3387.87 4257.35 5273.91 6822.45 7600
5250.52 6825.15 5084.6 6441.09 7625
4116.45 2533.08 4234.89 5655.23 3484
3276.78 4123.31 5305.22 4315.93 5048
3435.3 4503.35 5054.98 6537.12 1333
3201.47 3962.35 4236.87 5428.2 2846
7286.41 4310.95 3333.84 4288.59 8411
5322.34 7049.91 5846.29 2010.84 7101
5903.88 7631.72 3100.55 4157.48 63
4219.29 5671.67 5402.47 7160.19 1671
5709.74 7337.04 4744.04 5915.03 2338
4669.52 6180.96 6351.01 5045.87 3620
3298.98 4291.07 4725.9 6030.05 7732
4939.27 6237.66 5681.62 7254.86 591
6027.32 4638.74 5889.24 2530.34 3402
3347.61 4644.94 2868.36 3863.73 873
5627.56 7209.12 4221.1 2995.56 5054
5145.96 6598.61 3796.06 7534.95 5102
2993.73 3755.96 5893.25 7765.57 6107
5568.04 7334.3 4721.88 6095.76 8618
3550.82 7001.31 5230.48 6884.49 1646
4208.12 3060.8 3069.32 4114.84 4970
3030.5 4269.32 3427.53 4778.48 6749
5346.14 7031.55 4472.69 3068.44 408
4339.78 5922.08 606.639 907.886 1490
7137.95 2865.57 5323.28 7030.84 1874
6839.9 6265.8 3332.17 4216.76 4195
4908.93 3460.62 1196.91 1731.76 4633
5277.98 7047.52 6242.63 2231.35 7280
4854.89 6145.49 3123.16 3823.58 1304
3034.36 4222.35 7224.06 4200.36 3364
4869.24 6220.04 4528.36 5886.1 6605
4116.41 2874.73 3969.16 5278.93 1375
4332.13 5451.76 3866.58 2427.09 1055
5561.17 7117.78 5077.23 6406.72 3095
7821.34 3981 5252.31 7028.1 4111
5503.6 2090.05 3131.6 4133.8 4561
4130 5400.09 5399.01 7085.39 8508
4821.36 6197.91 5535.68 4226.99 3856
6338.43 5046.48 5199.03 6764.57 4215
2975.82 3378.58 5450.82 7149.98 1304
5411.97 6923.57 4746.85 6166.7 6845
5946.33 2516.88 3007.34 3883.45 754
5450.78 7183.86 5968.08 2095.63 8541
5788.69 7346.39 3326.66 4146.21 2033
2917.01 4040.65 4449.47 3222.87 3713
4973.57 6583.61 3273.43 4285.72 6717
3883.67 2238.62 2925.44 3772.86 2400
3466.25 4565.28 5233.8 6727.9 3746
5201.25 7007.85 5240.25 6894.89 5537
6201.83 7681.14 4415.76 5962.61 4474
7416.36 2276.92 5389.85 4454.76 460
1780.18 2142.81 5866.8 7790.16 3885
4326.32 5463.69 3248.21 4107.57 4991
4238.86 5535.34 5609.37 7376.02 908
3620.38 5144.17 4608.88 6117.37 4160
3099.79 4305.4 5287.28 6709.65 3476
4731.9 3652.42 5741.36 2021.95 479
7600.39 3046.88 3526.45 7465.47 7043
5338.02 6733.11 3877.06 5197.97 4717
4873.65 6255.32 4728.11 6243.04 6894
5817.43 7446.46 3312.79 4159.59 4823
3976.01 2284.41 2929.03 3958.12 70
4667.37 3129.71 3304.84 4153.25 2389
5305.11 4260.37 5048 6581.23 4857
4616.88 5972.05 2891.99 4039.83 2126
6076.28 5494.42 3781.83 2389.28 6411
4270.73 5453.71 4833.63 6267.95 3874
5813.98 7533.81 5311.98 7117.63 3039
5370.84 4333.69 4595.55 2910.65 7670
3158.67 3942.99 5407.76 7112.98 4674
3046.76 3925.02 4408.89 5856.9 4422
7517.02 2554.21 3423.41 4223.76 7688
3041.57 4046.42 5333.85 4234.83 8403
4149.51 5564.22 7263.89 4225.82 491
3364.34 4556.83 5739.87 7589.6 5292
2903.6 4039.13 4087 5374.91 4554
5625.11 7377.51 5292.94 6902.82 2044
7155.54 4166.6 3911.25 5251.24 2875
3939.67 2400.08 4902.48 6383.44 8625
4184.71 2970.51 5476.5 7264.85 8034
6441.16 2350.22 4817.27 6023.73 3605
4429.02 5932.91 3429.96 4688.21 5203
6326.77 3077.34 6042.92 7540.89 3922
3042.53 4104.14 5309.89 6748.37 5062
7833.51 4551.43 307.599 536.373 7580
5574.62 7379.4 638.455 486.002 2323
5875.99 7493.68 4126.34 2487.99 2657
6116.42 7704.08 5388.76 6814.32 4061
5447.54 6939.92 9060.78 8964.83 4365
3095.88 3816.54 3324.35 4093.17 5825
5345.94 7056.32 5738.84 7162.99 4888
5604.04 7134.47 5947.83 2078.69 3386
4785.21 6013.31 4502.98 6176.48 3652
7114.5 8385.97 4653.03 3173.4 6443
7513.28 2481.96 5988.81 7598.96 5671
5216.68 4250.5 5349.13 6768 4403
5094.95 6704.32 4474.35 5879.59 6315
4360.99 5828.03 6078.36 2170.3 6162
5227.17 6628.95 4624.07 3092.53 3906
4476.24 6046.05 5023.56 6373.17 3932
7465.43 2232.99 5028.59 6680.33 2863
6148.2 7650.04 4881.92 6487.02 50
5216.94 6914 4219.84 3022.3 2147
5621.19 1850.03 3150.82 4204 5361
5812.89 7772.05 5344.21 7104.98 6798
5390.4 4464.62 5299.96 6861.78 279
5105.13 6720.32 3714.19 8174.64 8629
3149.32 3990.38 5219.24 6953.04 6488
4200.37 5429.27 3898.25 2265.12 3055
5246.17 6956.93 4102.07 2391.79 7472
7730.98 5397.47 4200.8 5397.98 1071
4051.92 2492.22 6360.79 3017.02 2738
4220.32 3038.15 4131.62 2468.24 2966
5276.19 7098.68 3420.64 4737.31 6536
4496.93 3040.08 5259.6 6676.09 5621
3476.67 4406.14 5777.56 2468.27 255
5013.92 6524.62 5895.54 5276.23 7519
3159.93 3958.12 4941.07 6307.17 3262
2973.32 3926.66 5768.26 7366.42 4304
5364.95 4466.63 5449.63 4545.47 4238
5155.55 6907.13 5847.05 1981.51 406
5158.44 6932.34 4992.09 6675.67 5960
5203.95 6604.87 5616.54 7228.37 1701
1811.91 2794.41 5251.36 4268.81 5744
4172.11 2976.86 4857.25 6051.35 1055
4150.68 2523.92 5858.74 7663.82 7875
5390.96 4301.57 4886.63 6077.34 3694
5784.3 7686.67 6109.14 4540.61 4923
5823.89 2029.42 3314.53 4145.5 822
5050.37 6646.93 4843.79 6146.11 6098
7916.92 4529.52 5925.39 7617.46 1856
3740.84 5160.08 6211.9 5026.82 3730
4805.91 3786.97 3205.88 4289.3 1701
5728.92 1947.14 4280.51 5733.56 5916
4579.39 5891.62 5912.36 7562.07 6272
3435.63 4281.19 3233.19 4199.6 3739
5026.96 6668.07 4574.92 5935.35 2327
5230.42 6945.13 4837.24 6236.16 5148
4033.95 5464.04 5250.7 6943.28 2671
5773.13 7378.76 3879.99 7719.81 5917
3262.94 4036.32 5477.47 1875.85 1740
5642.07 7245.7 5484.5 1865.29 2039
1428.68 1747.94 7906.72 4729.06 2067
5149.29 6545.72 3203.04 4121.55 4734
5807.36 7457.03 5620.39 7097.77 44
4741.83 6337.69 7460.38 1823.57 4230
5028.07 6581.42 3018.37 4072.09 1389
3137.49 4278.39 5175.17 6811.8 4930
3112.99 4171.03 5684.48 7426.9 3633
5607.53 7395.02 5350.16 7076.63 1771
5651.51 7454.13 5942.82 2081.95 1554
7686.65 4979.78 4617.74 5898.13 6647
5305.48 6725.23 5061.71 6377.14 2324
6123.05 7657.68 7415.85 2432.52 5666
7614.08 2182.27 4015.49 5358.53 271
3973.85 2363.81 7215.48 4209.66 7566
5544.88 7188.77 4942.37 3980 6040
4707.64 5931.58 5648.07 7097.06 3658
3272.61 4290.18 5834.85 7529.7 3538
3171.14 4017.26 4126.85 2918.56 4193
5780.32 2470.39 3430.06 6890.5 736
4570.31 5900.94 4905.86 6567.78 1066
5212.69 6701.71 5237.09 7007.6 4584
5169.34 6736.23 5166.35 6636.67 8172
796.677 1092.11 5277.09 4316.21 2341
3151.39 4026.95 5851.14 2011.48 6495
4854 6150.75 4107.66 5618 8026
4262.6 5805.57 5904.22 7653.58 2747
4095.88 5468.17 4430.79 5809.5 3916
4817.37 3298.88 3190.22 3956.01 6505
4765.51 3692.57 7606.4 4303.02 7763
3882.02 2254.83 4139.02 2917.69 732
5079.49 6570.31 5232.68 6586.21 7619
4437.59 5919.38 5679.96 7633.83 5989
3557.88 7015.33 5495.76 7295 426
521.99 370.342 4772.12 6219.14 547
3052.78 4118.26 5872.09 5256.39 5063
3008.99 4220.84 5741.18 7369.56 2695
5420.9 7240.23 5853.37 7516.9 1598
5672.13 3834.99 4303.25 5811.14 3892
7620.91 2548.26 5233.3 4291.43 5079
5287.83 6785.21 3664.13 7659.23 1320
3328.62 4275.7 3907.75 5246.97 6136
7414.47 6338.41 5601.1 7462.66 1402
4892.65 6177.02 7190.36 4209.65 7102
5442.25 7041 5515.23 7115.78 6804
7304.46 4259.36 5282.31 4376.57 554
5889.01 7624.2 4650.62 6181.34 8715
7151.92 4166.25 4104.83 2793.01 562
4864.28 6054.86 5652.94 7201.56 6818
5361.15 4348.47 5543.23 7095.65 3338
5158.49 6796.84 3855.67 2292.16 4084
4993.61 3535.69 3083.99 4261.76 2695
3762.1 5169.81 5346.84 6720.89 2480
988.77 1467.03 3308.77 4341.66 2886
4597.72 6153.23 4752.74 6162.33 5666
608.894 912.652 4700.15 6242.59 8034
5436.92 7133.42 4230.85 5359.94 1956
4634.55 3073.25 3048.49 3963.95 3299
5754.39 7586.2 5883.47 7446.33 7488
5878.29 4359.09 3805.36 2287.71 4416
5328.98 6849.92 5910.5 7481.68 2471
7731.89 2390.78 4267.34 3039.92 2797
4562.15 5946.57 313.117 578.007 2531
2013.44 2858.62 6203.88 2236.06 4670
6086.02 2070.98 1151.86 1686.15 6501
3915.36 5247.31 5795.37 4741.72 6453
6666.69 3035.6 2945.82 4064.25 7668
4579.13 3430.26 5518.75 4839.42 8612
4891.91 6228.46 4733.69 6141.96 2178
3877.06 2268.39 5992.98 2036.35 3645
7189.13 4206.82 5026.41 6348.25 387
5186.87 6994.25 2900.87 3774.13 3907
5812.33 7492.56 5505.68 7053.52 1644
4887.8 3958.47 2858.01 4041.95 7983
4454.98 3021.15 5012.62 6520.13 4626
5531.61 7516.78 3426.48 4263.14 1160
5325.22 6818.26 5036.77 6677.34 8015
5244.92 6982.24 5534.43 4230.97 7289
4374.53 5851.63 4600.09 6036.89 212
4941.48 6395.02 2057.06 2909.5 1699
5210.51 6884.67 1974.41 2149.3 7980
6800.94 2677.19 5525.85 6942.08 4476
3883.44 5200.37 3420.77 7604.16 4020
5930.32 2187.48 6380.52 5679.26 2570
4555.97 5941.8 6045.89 7615.13 915
3388.2 4585.52 5284.61 4269.41 5030
5934.33 4432.68 4993.61 6382.07 3096
3787.39 2385.26 5382 6834.01 4995
5460.81 7261.82 4340.93 5439.55 6505
3032.81 4092.06 5110.46 6695.54 3894
4794.78 5931.93 3665.14 8054.35 2389
5529.56 4228.5 5800.65 7676.72 525
3633.59 7348.64 7294.81 8798.49 8005
5361.32 7141.85 5740.47 7134.86 3858
4246.84 5522.49 3943.43 5258.94 4464
3175.67 4203.62 5725.05 7338.32 3751
5394.97 4247.19 1194.39 1754.1 1192
5282.98 4309.64 4737.96 3118.25 2285
4026.6 5425.9 5944.25 2519.98 6877
2599.67 3168.47 4203.09 5437.56 7250
2842.44 4003.21 4501.24 2984.84 3393
2926.59 4147.04 5296.1 6745.38 5001
4247.75 5498.01 5879.25 7465.07 3139
5385.77 7181.84 6762.26 5524.01 6941
5235.76 6839.34 4615.54 5904.45 1523
5916.01 7325.29 5664.98 7361.22 891
5776.71 7688.15 4764.43 6058.13 2967
5579.92 7195.2 5058.85 6651.25 7321
3290.4 4294.04 4767.75 3248.78 2197
5015.93 6284.93 4341.39 5442.04 2188
6035.09 7604.95 6137.72 7629.61 1393
3022.94 4133.41 7462.24 1824.67 6516
4732.46 6481.14 1115 1214.67 7803
5223.63 6560.99 3408.83 4455.65 2587
5113.31 6736.18 3992.79 2354.62 4681
8039.15 4560.71 3796.66 2435.86 5653
5419.15 7206.26 5520.27 7011.33 8711
5293.02 4421.24 5412.98 4357.23 7589
4084.98 2490.81 4496.96 6160.84 3985
4270.83 3064.92 4448.53 3223.41 1023
4491.64 5708.41 3406.07 4785.81 1884
5360.03 7162.73 3824.66 2256.75 3366
3394.08 4666.19 4484.93 3351.25 5857
4544.58 3048 4563.69 5947.76 7500
5837.14 7352.77 3389.46 4499.58 6162
4109.41 5279.43 5303.85 6704.86 2554
5531.76 7011.96 4817.79 6284.96 8447
5934.75 4852.06 5917.11 7600.73 520
3714.91 2377.39 315.775 473.706 438
4095.51 5354.46 5734.56 7557.76 1686
4715.62 3288.94 2840.9 3832.03 3416
3108.81 4256.33 6956.01 6342.42 4372
5811.73 7493.73 4924.74 3472.08 8629
5445.16 4482.6 3977.99 2199.88 63
5061.61 6500.44 4916.65 3854.58 3924
8227.66 9058 4750 6289.4 6362
5641.2 4572.92 5353.29 7056.21 6289
5796.17 2056.87 4841.23 6458.78 5622
4694.18 6040.71 5175.13 6814.58 5462
4421.96 5979.84 3853.89 2387.96 370
7403.44 6725.19 4544.39 6192.58 3279
4787.61 6252.45 4987.52 6579.84 1689
5643.01 7371.73 7616.85 2652.55 3078
4745.51 6331.77 4601.99 6126.15 2018
4695.51 6039.71 3962.54 2230.17 1602
5548.7 7419.69 4008.32 2456.29 724
6871.59 6307.42 4897.96 6399.44 5987
5331.96 7011.4 4960.58 3527.03 2628
5317.39 7057.88 5856.94 2032.82 8119
7292.59 8405.63 5067.62 6513.69 3357
5727.13 7451.54 4711.22 6326.93 4161
3035.94 4135.37 4980.64 6487.5 7241
4666.5 5968.56 5733.2 7690.24 7404
2836.93 3785.69 4426.22 5979.95 2851
6888.84 5725.07 4183.45 2889.52 2864
6283.36 8354.49 5599.23 7174.78 8520
4770.66 6181.63 5436.54 4837.57 3816
4115.31 5279.63 5308.24 6918.14 351
1580.07 2082.94 5917.29 7475.46 5812
5524.53 4835.15 3867.96 2321.66 6826
5319.26 4331.48 3228.14 4262.44 1211
4252.64 3069.85 7185.67 4357.94 1453
4764.28 6044.23 5230.02 6626.25 7087
4954.17 6396.86 4198.81 5550 888
7409.52 6205.06 3391.62 4699.67 3044
4066.23 5534.64 5293.9 6902.64 604
5985.11 2146.74 4796.9 6221.85 8390
5959.32 2089.25 7159.98 4277.86 3531
5966.49 2510.68 7109.07 4156.79 7686
5623.49 7317.99 5612.92 7088.72 7094
3779.67 2492.89 2995.46 4231.26 3425
6375.05 3026.64 6023.8 7695.83 2947
4241.62 5629.74 3921.18 5274.45 1640
5305.45 4322.95 4989.32 3551.69 5130
3023.89 3735.21 3951.28 2422.17 1832
7129.18 4258.57 5666.09 7593.9 6674
4471.14 3245.34 4924.1 6647.08 6228
4664.62 5847.04 7596.71 3156.31 6991
5412.61 7194.1 3889.52 2466.2 5342
8370.81 6912.22 5356.76 6808.25 3979
4340.89 5906.58 4043.53 2272.77 48
5682.61 3838.86 5367.25 4458.52 1458
5042.31 6791.2 4089.69 2521.92 8604
3210.04 4028.98 6720.58 3000.94 4765
7857.61 9554.13 4141.26 2875.21 6504
5969.48 2044.91 3947.49 2258.24 6180
5801.57 1999.96 5120.63 6853.4 8634
8952.08 9545.16 3195.18 4328.51 2505
5513.4 7016.05 4777.68 6142.56 1194
5047.37 6744.86 5769.68 2024.29 7307
4220.97 2988.36 5419.66 7267.42 4778
4096.97 5555.19 2190.04 2777.5 8570
4301.94 5828.04 4186.67 5435.32 2756
5496.1 7073.87 4895.16 6225.19 6451
4118.62 2470.59 4903.75 6477.07 5256
3906.28 2280.86 5753.39 7313.09 5714
7642.88 4203.77 5071.42 6458.59 2637
5801.36 7542.97 4616.13 3117.64 5363
5491.19 2079.79 6039.16 4931.87 1580
5924.5 7364.72 4062.76 5297.92 5589
5071.42 6459.32 4952.51 6265.83 769
5497.18 6971.28 4210.2 5527.92 4720
5591.72 7190.75 4741.83 6341.91 862
2990.25 3888.38 3351.48 4341.33 737
2980.24 4086.13 6076.48 2065.5 8016
5381.04 7148.49 5615.77 7083.83 520
3124.67 4251.41 3081.79 3951.91 4023
7614.75 2182.27 5370.55 4328.24 2524
5312.12 4459.9 5365.91 4436.44 7380
3074.33 4272.53 5409.02 6965.56 3091
5972.33 2049.85 4830.7 3399.61 2354
7235.18 4226.48 5859.76 7644.4 142
4244.19 5491.94 7172.27 4277.66 1043
5530.92 7131.05 5805.1 7547.34 8465
3166.77 3989.82 5703.67 7279.21 1689
5292.57 6687.17 4618.83 5986.89 8537
4927.69 6143.25 5681.97 7549.31 1800
4542.39 3394.59 3664.51 8139.57 3627
5359.62 7164.96 1875.05 2212.21 3107
5435.09 4847.47 5593.37 7109.13 2800
7732.56 2390.53 3055.32 4021.68 3678
4026.89 2369.21 4887.43 6377.84 2881
4624.22 6276.01 5252.08 6734.98 7505
5534.8 7442.81 5785.37 2452.76 5556
4103.17 2914.26 4868.21 6277.8 7633
4608.7 6183.98 4227.28 5725.78 4974
3379.75 4283.26 3892.12 5238.07 7413
5282.46 6947.83 5549.37 4228.13 6016
3885.56 2204.81 5109.69 6604.78 2216
5042.11 6405.94 5282.43 6973.04 699
5521.11 1827.95 5118.52 6608.37 2329
5566.92 7506.17 3410.48 7587 4212
1932.2 2108.18 3282.64 4199.73 8559
2365.64 3047.56 3410.41 7752.35 1262
3242.53 4028.48 5037.45 6664.11 8700
5487.35 4358.84 4147.29 2870.5 272
6386.19 2915.64 5049.35 6430.75 4870
4561.56 6018.01 5390.51 7184.12 2681
3913.1 2161.38 5565.64 7329.54 5905
4792.02 6182 5261.36 6930.11 714
3908.02 2399.53 5753.31 2007.63 2854
